84599
84191
29937
83563
84535
84494
84484
84463
84455
84310
84161
19930
76009
76182
76110
76080
75717
71299
67221
69068
69017
36268
69051
69053
63251
63078
63242
63234
63088
62957
60973
63095
57066
17057
56783
27783
49216
49153
45355
38462
35937
37127
27680
27836
23277
11510
92622
92617
92615
92614
92613
92608
92571
92568
92588
90558
92594
88337
92589
30885
92583
92582
92580
92570
17179
92564
9360
62745
40986
92560
50938
90361
90703
88866
88893
92535
92548
62018
92547
92546
92534
92533
91982
92524
61871
92487
92517
27996
92411
92402
92406
92413
92418
65916
92437
92441
92506
31594
41420
27446
87753
92491
92486
92488
91450
13659
41300
88085
92471
92465
92458
92285
42923
84280
84271
84262
84206
17261
84041
84037
83864
84116
84124
82876
84052
84047
68981
75475
75489
75545
75569
75511
75588
75606
75621
75628
68969
68966
15969
67796
68908
63080
61757
63046
63028
62930
56882
56801
56811
56674
56728
52291
52350
52343
52341
52324
49131
49084
49029
48994
45213
41038
36053
27333
27576
16983
16875
14079
89942
92401
92007
92007
91950
92386
92385
92373
92374
92370
82785
92358
92361
81117
92348
92345
92341
92334
92328
63402
92320
91502
92276
92319
25462
92308
86544
92306
90277
92251
92128
92285
92283
92284
92281
92275
92243
92210
92262
92260
91750
92255
36408
90391
84429
68582
92240
92228
92230
92172
92139
92208
92142
92179
92190
92220
92160
92021
92209
31858
62808
75798
84015
84024
83934
83928
83326
83892
83864
83352
68762
58561
68612
68713
48968
62822
61696
60976
61954
62020
61861
35674
56562
56519
56511
56667
56601
52233
52191
52180
52214
48970
48930
48758
48854
5987
41296
41276
36717
29817
27408
27207
16862
16709
13769
13788
11456
92091
92088
92089
92073
49136
89946
92063
92056
92051
91425
91949
87040
89788
91941
91585
92018
92015
91999
91990
91992
91983
91985
91936
27461
83320
91431
35353
91937
83629
91948
71782
90411
91931
91929
69062
91924
41158
91911
91796
91335
91740
91838
91868
91892
91348
91899
91894
91888
84735
91880
91876
85970
91467
91861
91860
75010
91680
88454
91687
91825
91833
91849
91741
85328
27222
89969
83032
91792
91785
91793
39638
91792
83669
83664
83656
83373
83637
83645
83549
83455
83524
83514
83532
83583
83594
74907
75237
75333
75382
75166
75228
75216
74664
74945
74009
75174
74975
51712
74798
69070
75273
68550
65602
68431
68361
67662
68414
68353
62494
62454
62286
62331
37819
52160
51867
52068
52058
49751
47811
48415
48696
39429
48743
40462
40489
40311
25235
31695
27285
26642
26887
19989
19949
16656
13843
75998
91651
31100
91637
91638
91634
85874
91628
86303
84937
91630
82715
91626
91567
91478
91380
91600
91595
83512
91596
66250
91582
90270
91585
91549
91419
91572
91570
91568
91555
91554
91550
91548
91510
91542
91543
91540
91536
72324
91532
80023
91520
67576
74368
91511
36484
91510
91339
91033
89926
91087
91497
91495
91482
91483
91481
86505
89176
91476
91475
91461
91473
82936
82989
91392
56090
91372
91412
91460
91328
91455
91325
91452
90672
91426
62210
91454
62822
90099
90257
69823
22507
68138
68235
67242
63843
66078
62168
62231
62219
62209
62207
62014
61831
61654
62123
58830
62043
61518
62041
61997
44676
56329
52013
52017
52002
20341
51917
12584
51967
48597
48627
44991
44984
44610
40961
26341
40915
31222
27001
22874
19364
11325
91319
91295
91315
91318
91310
91277
91312
91308
83354
89365
52773
89905
91285
90887
91273
91269
87627
89783
91237
90979
91017
91234
91189
91225
90808
91222
91211
91181
91095
89494
91205
91204
91190
90453
91141
90980
91166
74211
91160
91143
87328
91151
91153
46092
91134
91136
75780
91135
91124
90835
91127
62826
91117
42698
90812
91109
90459
80124
69003
91096
90614
87212
91088
91090
89221
91060
91052
91042
91032
91030
91075
76399
91083
91023
91020
90965
87543
82889
83213
83232
83215
83191
81811
83154
83162
71940
75996
70837
68514
67936
67786
67921
67645
61659
61637
61868
13771
56183
56175
56159
56125
51876
51878
50053
51853
51759
51780
51803
35634
3030
32556
26834
21419
19777
19594
14082
13391
11162
11152
90914
90913
90810
90811
90910
90738
89226
90899
90895
90580
90628
90687
90700
90727
90748
90763
90766
90813
90873
90892
80322
83092
73253
83063
81533
82933
82854
82987
82953
82735
74369
74650
74637
74632
74446
60848
74499
16043
43988
48439
22725
55892
51642
51697
51677
51718
47836
31073
40519
36272
28933
31180
30780
31086
31074
30994
19665
18063
18125
19569
18202
19523
12846
13383
82849
82761
82778
82773
82774
82717
17651
82678
82626
82693
82597
82568
82086
74360
74358
74356
73331
73789
74211
73605
74229
66528
69903
74175
59601
67675
3440
67558
67547
61525
61506
26720
44780
44459
48435
48403
48410
44313
48368
48342
44545
44520
44317
44467
44474
44463
43660
43669
43454
36122
36119
35517
36027
22846
6730
90620
90619
90614
24900
90592
90497
90227
85684
21636
73158
90579
90573
55648
90569
90563
90032
90545
88697
90560
90456
89684
90540
90543
62209
88496
90510
67143
90513
89930
90500
90252
22030
90008
67128
90451
90428
90498
90441
87891
90496
55340
90494
90186
61659
90463
66553
46231
51302
86322
90482
89504
90478
90470
90320
51446
84233
51427
90353
88120
82488
82493
82434
82094
82428
82424
81588
81834
82207
82261
82251
82333
73482
73481
73462
73691
73495
74067
74023
73779
73922
73890
73507
73754
73881
74046
61606
67322
66205
67352
67357
67324
61330
60978
61102
61282
61287
55467
55628
55500
5031
51612
51553
47401
44244
44284
44267
44323
22345
35943
35792
21926
26107
26068
26357
12917
400
89632
90385
90375
89491
90363
90336
90360
89048
90246
90345
90352
66907
90332
90342
90316
90044
19311
89996
90305
89872
90294
89957
89726
90283
90274
71947
80925
83190
90233
90036
90259
90257
90255
90247
90154
90245
78664
90167
90175
90207
83684
61063
89865
90225
90223
18826
90211
89844
90218
82275
82172
81553
81870
82101
82098
81586
82024
82043
81051
81515
81574
81963
81238
80063
81698
81135
26383
67181
67177
67134
65729
66882
67004
66984
67083
66930
61161
61125
61105
55477
48044
51459
51421
45764
35454
35572
29819
30712
16166
25987
19254
16147
16096
13432
13324
10833
5661
2739
90120
90125
90100
90103
89689
90099
87469
90094
90086
89837
89827
25996
89927
90067
90047
88561
89665
90042
89774
90022
90019
90021
89447
89989
89999
89978
81473
89808
89926
89959
89888
89966
27763
71883
89964
89864
89897
84691
89902
89941
89909
25536
89932
35276
87232
66186
70028
89908
89625
86316
81798
81496
64375
66904
13808
66197
66748
66705
9106
61007
61000
60763
60869
60988
58711
12650
60872
51378
51346
51366
48200
18683
51014
41311
47844
47724
47157
44206
44151
43931
44142
40180
40176
4199
15454
30551
30531
5596
89341
89777
89691
89633
75261
89500
89364
89749
89733
89731
28109
89460
89734
89732
89714
27947
89725
89726
28153
89475
89616
60079
41686
89709
89707
89693
89700
63692
89675
89487
73268
88987
89672
88459
89658
42166
24957
89660
44459
89509
89545
89546
89562
89521
89591
88658
89639
89625
47411
89634
89613
89626
89594
88239
89614
89615
89045
89484
89020
89141
86450
89603
89478
89463
66645
66621
66644
66540
66653
65912
36191
66311
66593
66344
66556
66421
58715
66554
60805
30215
60773
57948
60635
60560
60649
60551
51218
55181
55196
51243
51217
51199
51202
39831
39335
30353
89465
89353
15646
89456
89417
89445
89453
89405
89441
89434
89421
84188
88366
74610
89418
10904
81214
89414
89404
89075
89395
89395
89398
89066
89389
89385
89300
89376
89369
89359
88430
89360
80560
89115
89236
89312
15196
88369
44706
86377
65456
89346
89077
89338
89176
89308
89156
79389
72664
34802
70671
60280
89128
89210
89247
89250
89323
89263
89293
89203
89317
88995
81072
80069
89309
82415
89212
89294
81166
81258
81243
81274
80876
68289
81209
73514
77714
75902
72850
73356
73298
66391
66437
66376
66435
60397
60466
60323
60514
60341
60441
51073
824
51019
51028
51032
43902
39792
39705
35247
35221
30063
18971
5265
89180
88977
89026
89071
89127
89177
87414
89095
88913
89025
89047
18765
77922
81174
80641
81162
70972
81084
81013
81076
80911
81057
81045
80918
80874
33552
69444
73176
73127
73098
73096
72883
72910
73024
43760
46907
50853
21901
43697
43722
43712
39842
43689
43287
39593
31689
30008
29430
29795
18445
18856
13018
80820
80802
80797
80769
80753
35993
80619
80678
80739
76392
80704
64264
72868
72876
72817
72750
71589
72725
72689
72686
72676
66178
66171
65710
66155
66153
66163
66018
66011
65824
66074
65478
2379
60233
60192
9340
59282
58872
27357
25301
25545
25521
15768
15649
10666
88906
88908
80337
88902
88890
29642
88897
24820
88382
88889
88864
88867
88878
84571
88873
88427
88874
88861
88184
84544
80146
88844
88856
88709
88851
79997
47631
88841
88839
88786
88842
88832
88562
88812
88830
87651
33463
88831
56601
79877
88817
88815
88716
88732
88762
29507
88705
88806
88076
71883
88769
88804
86834
88731
88799
88603
88700
88752
47379
63873
87547
83160
87433
87700
87512
88005
38980
79426
80594
79913
80529
80512
80492
80444
80272
80411
80418
80287
70959
72267
72266
72554
72413
72391
39578
65977
65956
65692
65894
65875
65843
65872
65845
65855
65842
62176
65828
47337
60008
59979
59968
59904
39772
50848
47355
28799
34676
34686
15185
25427
25412
143
21631
21594
15600
12951
12908
88665
5622
88412
88647
88492
88644
88651
86462
88637
88606
88624
88541
44938
88622
88617
79846
23410
88478
88602
50576
88524
83947
88577
88581
88574
88401
88428
88452
88373
88471
88570
88498
88559
88563
88565
88567
87802
88561
24672
63716
88555
72613
88550
87246
88540
82376
66540
88521
40486
44780
24830
88226
76955
88089
79145
88390
86870
88233
77523
79627
75276
58718
78461
79973
80093
79918
79860
80053
75376
65741
65737
65211
65636
65243
65628
65615
65616
65587
65580
65545
64427
34142
59885
58393
58314
59836
59665
59818
59789
59802
59787
59768
59708
42935
50743
50654
48826
50659
39254
37470
34611
34577
34557
34535
34501
34437
18525
13364
12721
10364
10332
88379
88378
88376
88375
85180
88371
86969
86944
88141
86995
88357
87030
50321
88356
86992
88328
88346
85005
87718
88246
88349
88350
88341
88338
25585
88337
88305
88321
88299
88331
88188
85943
88163
87186
88316
88313
84060
87335
88309
85842
88301
88266
86224
65024
88288
88275
88191
88143
88203
88259
88214
88233
88149
86212
68665
88254
88154
88229
88246
74714
88256
88108
88185
71859
34551
88129
88005
78129
88124
72153
79902
79803
79761
79598
79590
79697
79614
79707
79876
58210
76136
72207
18156
72112
72076
72170
72136
71335
10790
65446
65291
65419
65415
65394
12524
65314
65193
65362
65352
20156
20248
13587
65331
15345
63174
53128
59667
59628
59589
50577
15417
45891
50505
50476
50529
47128
43197
42674
42564
1095
25050
24984
24964
15381
10165
88078
88121
88120
88116
88055
88092
88114
88109
87659
88098
88101
88096
88091
88076
85905
88072
86928
71418
88049
88033
88059
88029
84724
88043
87794
88041
87264
88028
86491
87995
87781
62416
88006
88008
24815
87974
78736
87970
87967
83947
81861
87946
87956
87822
87939
83431
87951
58493
87946
87944
31252
87938
87917
87913
87925
86115
87792
87852
87860
87900
87814
87830
87838
87849
87874
87889
87908
87595
77568
87763
87888
9276
71800
71826
71820
71957
69945
65206
63735
65155
64872
64607
64567
64979
50382
50403
59447
59422
59396
59398
59370
59217
59389
53287
53884
11883
50407
49721
42871
42686
42714
42650
42635
38982
38924
38848
29416
29402
29399
24203
24756
18348
17231
18349
15143
87759
87434
87755
76374
84606
87732
87741
19263
87736
42130
86678
87728
87707
36279
83751
87727
87709
87098
83853
87705
87684
83165
87513
84267
87679
87537
5114
87589
87656
30353
86251
87640
87534
87634
41228
87647
87533
87620
40486
27822
80492
24476
87569
87581
87463
87538
87540
87564
17485
87349
87397
64424
87423
87442
87448
79625
87461
87535
87511
37194
87556
87558
87471
85796
86950
82725
87514
86575
68161
87009
81277
80991
85089
87498
77786
87486
87491
83913
14141
87065
87462
87475
87460
87465
87458
75503
87452
76086
79368
79367
79578
73278
64995
79383
71370
78854
79529
79499
79486
79478
79446
79461
78695
77329
77346
79209
21247
79440
78531
71758
71754
71453
71688
71569
71593
71458
71030
71645
71588
71518
19304
64354
64975
64960
64833
33890
59068
59175
59171
57068
59191
59109
58999
59008
49667
50294
50307
50121
50279
12602
50244
26497
50194
29269
29230
29251
29191
27167
29197
18244
18105
17996
12624
87309
86920
87300
87297
83147
82632
87294
86807
86832
86855
86860
86868
86876
86900
87101
86905
86943
86973
86976
86983
86988
87013
87069
87082
87085
87094
87103
87126
87175
87250
87252
87257
87263
87271
87285
87289
87258
86984
86311
86712
79286
38275
79265
79257
79261
79214
79198
79063
76109
79149
79155
79091
79074
77992
79018
78475
79130
71484
71361
71416
71404
70856
71396
71398
70915
70758
71258
71151
71158
71103
71206
71186
71177
48734
71099
71121
71080
71065
67401
71051
58908
14429
50054
50027
50062
50065
46854
46497
46688
38369
33195
33221
29119
29071
24520
12514
18183
17976
18067
17975
18078
12462
86705
78018
58206
85626
79020
77642
77674
78957
78876
78759
78744
76333
78768
73615
70985
70726
70835
70764
70855
51790
53349
53297
46357
46577
42556
42466
42331
42468
38575
38348
38533
3679
33693
33669
33493
33291
20992
24322
12388
12356
86711
86706
86567
30953
57415
86665
82174
85882
86678
46041
86682
86677
86001
86668
86418
82788
86649
86151
86663
78661
86654
86562
86644
86634
58585
86481
86631
77446
86602
41699
86616
1256
86599
86591
24282
86595
86584
86516
86564
21188
86565
86512
85971
86535
86448
80991
86454
80143
86175
84424
86536
86533
86523
86524
86510
76311
86266
86401
86069
28851
77443
77947
78688
78632
78627
78614
78563
78576
78554
78528
78534
78337
78302
78515
78520
27318
27375
76231
78372
20881
12312
58915
58894
58896
58887
58842
58816
58750
58724
58661
58575
58601
58441
58586
58303
53248
53126
53214
53121
48414
38114
46456
46407
42362
38471
38457
38247
38299
33372
38297
38388
31536
33213
33406
33445
33449
33346
33426
33350
20581
18358
20368
20592
20864
20929
20757
15946
17837
17868
12302
10904
49387
86391
80617
86368
85797
86292
86371
86357
86363
86359
85208
86342
86339
83003
86330
86332
86324
86316
86301
86299
86285
85413
81877
64687
81892
86258
86236
86222
86230
86108
86186
86220
85841
85868
84812
27603
86033
86083
86101
83184
85461
86099
86185
86175
86052
86139
86167
86178
80704
77839
86162
9276
82825
86015
86028
85999
84743
78305
63694
78217
28657
78178
77536
74920
78120
77981
77583
77895
77877
77921
78063
78049
77753
77801
78012
77959
77986
70552
70353
70507
70411
63990
64676
64663
64645
64638
64526
64554
15924
43165
24117
46264
58115
16342
58434
26802
46216
58413
58401
57461
58366
58265
58306
46196
46241
38292
28766
28671
24053
149
86012
86013
69519
85743
85997
85674
85988
85953
85970
85705
85952
47682
85944
83483
85946
85945
68511
57531
85931
85933
82338
85919
85913
85923
85708
70371
85908
85905
35362
85906
82860
85887
85902
85858
85855
85842
85876
85693
85350
85864
30283
84541
31097
30853
30973
31104
30648
31189
85663
30747
85835
31339
51646
83084
31010
31390
83460
31397
31383
85827
85800
31201
31288
85824
85167
85823
31363
30246
31561
31545
31575
85806
28046
31489
31697
31421
31764
31780
31785
85162
31436
30984
27776
31870
31752
31912
85799
85796
85788
85769
85779
85745
85629
85639
84471
85163
85775
85649
85676
85682
85754
85626
85749
85740
85567
85735
41986
23961
63163
80064
77737
77522
77400
77425
77685
77563
77470
77746
77420
77631
77647
77738
70376
70364
70358
70328
70211
70153
70234
64405
64447
64441
64406
13350
64391
2696
11943
23961
58145
58246
58199
58178
58159
57466
58101
57962
57934
58034
6352
49407
51570
52999
53003
16174
29820
42182
41815
42118
4921
37939
38041
38008
28425
28521
17667
14214
17611
17583
14478
4692
85130
66441
85605
85538
85596
85561
85166
19576
85380
85585
85428
84957
85580
81652
85048
85065
85535
85537
85196
85556
85393
85555
17044
78101
12048
85445
85455
85257
41542
85529
85530
85369
85459
85522
84624
85484
85410
85519
85438
85478
84772
85509
85099
21533
69897
69106
69987
69978
70019
69962
69985
69993
64301
64239
64225
61680
64196
64163
64086
64054
63275
63800
48297
14668
14674
57946
57909
57708
55541
49785
49775
49780
49109
49768
49745
9469
42090
37891
37958
37913
37662
37888
37566
37567
37561
28512
28395
17448
12043
85417
85107
85121
85202
85228
85243
85265
85406
85319
85405
85401
64046
63853
85276
85394
84852
85373
85105
85111
85158
85183
85204
85330
77343
77348
77337
77321
74862
74387
77216
77229
75740
69915
69865
67624
69810
69803
69621
69036
69757
64064
64060
64042
63741
64043
64024
64016
63231
63967
63962
63957
63939
63958
63298
63925
62272
63241
63874
63841
11979
20529
52761
52918
49665
48787
49629
49598
49624
49595
49375
49583
49497
49540
49393
49498
44555
45917
45951
27493
41992
41958
28779
32917
32912
28092
27561
27663
11984
11764
73771
77038
60735
77015
71426
76932
76967
76846
76969
69605
69638
69598
69547
69542
69442
64615
58378
62096
61504
63717
63310
61563
63002
63536
63550
63320
63375
63354
63381
63461
63566
63479
63466
63567
63578
63601
32746
57680
57663
10001
57642
57566
52869
52855
52491
52810
49450
45522
45895
45821
45582
41791
20103
3542
28088
27861
23478
17169
17351
11648
11826
11079
85112
85095
84007
85096
84976
85092
85077
84873
85074
85028
85070
85068
85063
27133
85058
56783
49733
84896
84252
84817
84879
85037
84910
80508
85045
81096
84954
85038
85035
22112
21238
85011
84977
84994
76713
83604
76534
84997
84989
461
84973
84042
61168
84968
82173
76845
76804
76744
76739
76644
76665
76664
76635
68354
69366
69186
69247
69107
63592
63554
63526
41443
11679
57514
57531
46809
57495
57372
57424
52659
49825
52601
52576
52555
41709
41692
41662
41659
41648
41640
41386
11441
41450
41563
32042
20120
20202
20105
84878
84828
84652
84859
40833
74531
84851
84858
84834
84848
31147
84838
84040
84835
82206
20994
84826
72153
69639
84821
84195
84803
84781
84593
72929
84695
84790
84788
84789
84566
84212
84752
84776
84682
84758
84766
84773
80124
84760
84621
62808
84757
84735
84634
84673
84691
83543
84655
84665
84654
84744
84641
84612
84622
76234
76477
76398
76451
45901
76272
13842
76304
73279
76315
65567
56669
44188
57222
52285
49347
47075
49263
40101
37338
31931
32197
23501
23486
14141
14329
14300
14312
14154
10789
84627
84603
84619
83375
84236
84606
84599
84191
29937
84591
83826
84586
80318
84564
84580
84575
83570
84563
84558
84555
84169
36268
84546
83563
84527
84505
84535
84404
84530
84494
79425
83675
84478
84509
84493
84167
29807
84406
30556
29947
28647
84506
38121
84515
29948
29957
30037
30015
29881
28551
29907
20831
84189
84333
82173
81365
30149
30291
30385
84484
29794
75576
30510
83884
30494
84463
30364
30486
84421
83960
30367
30200
30352
84464
30522
11938
30451
84455
84310
84435
84161
84436
27222
19930
48435
49216
76009
76182
76080
76110
76053
76086
76068
73184
75717
75825
74079
71299
69068
69051
63251
63078
63242
62675
63088
62904
60973
62957
63095
57066
17057
27783
49226
49153
45355
38462
35937
37127
36957
27680
23277
23309
11510
84068
84324
84155
62043
84253
84320
84239
84310
84309
84301
84295
82382
84280
84286
84276
73064
83617
84271
84267
84268
84264
84262
84249
84206
83988
17261
84058
83667
84208
84235
84242
84243
84237
84209
84232
84222
83437
84211
62053
84207
84041
11826
84213
84065
83836
84185
84201
84193
84067
12043
84194
84014
78249
84037
83330
84127
84115
84179
84116
84180
84181
84124
84132
82876
75476
84052
20505
83778
62018
64441
84047
84144
68981
75475
75489
75545
75569
75511
75588
75606
75628
75621
68969
68966
63084
62092
68908
38559
63080
62996
61757
63046
62930
63028
62999
62968
61289
62488
16842
56882
56801
56811
56674
56728
52279
52350
52343
52291
52341
52324
49131
49120
49084
49029
48994
45213
36053
35527
36724
27576
21749
16983
16875
14079
84015
75798
74975
84024
84028
82867
84019
84021
10802
72162
83918
83997
83999
83987
61997
48425
74993
83981
83934
83984
82656
83947
68107
83686
76254
83939
83928
20156
83912
83326
27566
83762
83899
75780
83892
83749
83864
83861
14141
83859
83813
83853
83850
83722
83352
83847
83846
83808
83835
83398
83821
81498
19989
68762
68713
9360
48968
62791
62782
60976
62680
62745
62724
62491
62704
61954
62020
61861
35674
56511
56667
56562
56519
52214
52180
48970
48930
48758
48854
5987
41276
36594
36717
35695
29817
27408
27207
20043
16862
16709
13659
13769
13788
11456
83669
83664
83656
83340
83373
83383
83655
83398
83645
83549
83597
83637
83320
83337
83354
83432
83629
83455
83514
83524
83525
83526
83623
83532
83583
83594
83442
74907
74775
75237
75382
75333
75228
75216
75166
75340
74664
74945
75174
74009
75292
51712
74798
75273
69070
65602
68513
67596
68431
67662
68361
68414
68353
62481
62112
62494
62454
62286
19352
62331
62280
41158
49136
52160
52058
52068
49751
47811
48807
48415
48765
39429
48696
48743
40311
25235
31695
27285
26642
19949
16656
69823
22507
63954
68235
48623
66188
62168
62231
62219
62210
62197
62207
62014
62082
61831
61654
62123
58830
61518
61871
62061
62032
62041
61969
44676
56329
52002
20341
51917
48597
48627
44991
44984
44958
44610
40961
26341
40915
31222
31570
27001
22874
19364
11325
82922
83292
83308
83251
83303
83298
83297
82889
83295
83229
83291
83283
83275
52382
83269
83248
83256
83257
83213
83232
83190
83215
81926
83212
81302
56175
71940
35517
67558
83191
80974
79542
83186
83171
83132
81811
83133
83138
83154
83126
80729
82175
83162
82048
75996
70837
68514
67786
67645
66538
61659
61637
61868
61785
61840
61168
13771
56183
56159
56125
51876
51878
50053
51853
51759
51780
36484
35634
36408
3030
32556
26834
21419
19777
19594
14082
13391
11162
11152
2284
82071
80322
48534
81993
82382
83092
79781
21492
83101
74632
83097
57679
83083
31073
83071
83089
73253
83077
72355
83069
83049
83063
82969
83007
41300
81533
82226
83014
82931
83033
83037
82933
76622
82936
83017
82365
83015
82996
82989
82967
82854
82987
82988
82952
82982
82979
82910
82878
82953
82735
58569
70127
36832
74369
74650
74637
74446
60848
74499
71888
16043
43988
48439
22725
56090
55892
51642
51697
51677
51718
47836
47926
48507
40519
36303
36272
28933
30780
31074
31086
30994
19665
18063
18125
19569
18202
19523
12846
13383
13675
5622
82616
82849
29431
29431
22030
82841
66905
82809
55340
82784
82819
82779
82801
82782
82761
82791
82778
82785
82770
57948
82773
82752
68787
82774
82732
69494
29604
82717
82734
80023
17651
82729
82726
24778
82678
82714
82715
82711
82231
82626
82691
82693
82597
82687
82675
80087
69012
82568
82642
82055
82657
82086
82645
82519
49768
82639
82634
74360
74358
74356
74368
70373
73789
71205
73605
74229
74197
73402
66528
69903
74175
59601
67576
3440
67547
61506
61525
61499
26720
44459
48410
48403
44313
48368
48350
48283
48342
44545
44520
44317
44480
44467
44474
44463
43669
43454
36122
36119
35883
27846
36027
22522
6730
82522
82488
82506
21745
82496
82495
82493
80001
65243
82487
80515
82483
80728
43697
21631
82094
82434
82284
82451
82446
82442
82339
82437
82430
82428
82424
67158
82419
28171
76024
82400
81588
79491
82404
71353
82393
82383
81834
28886
28553
82376
26021
28623
29129
18765
29022
29145
23930
29261
29167
29235
80524
29279
29228
28986
82207
28838
27557
29293
82208
29258
29122
24771
67461
29363
82360
82212
29201
82261
29418
61287
29491
29151
29554
80861
29278
29193
60640
29575
29572
82251
82213
82347
25410
27461
29514
29561
29582
82329
29310
82333
82109
82330
82327
73482
73462
73495
73481
73890
73912
73754
73691
73507
74023
73779
73922
74067
73881
74046
67322
66205
67352
67357
64415
67278
67324
61387
61330
61326
60978
61102
61282
61206
61291
55467
55500
55628
5031
51612
51553
48199
47401
44267
44244
44284
44281
44323
22345
35943
35792
21926
26107
26068
26357
12917
400
82172
81197
49263
81223
82153
82159
27540
82131
81429
82147
82104
81484
82145
82124
81568
81563
81553
82102
82134
80889
81870
72449
74645
82098
82101
22673
81586
82082
82066
82061
81642
82077
82075
82024
81839
71589
82046
28719
81774
82043
82029
82047
81051
81515
81765
82028
82006
81574
81953
82012
81998
81561
60817
81974
81976
81972
81969
81975
81650
81971
81476
81963
81947
81518
69129
81926
81901
81852
81538
81865
81869
81919
81935
81238
81453
42135
58914
80063
81911
51759
81914
81724
81698
81812
67211
26383
67190
67177
67181
67143
65729
67004
67083
66882
66984
59941
61199
12599
27996
61161
61163
61125
57000
61105
61063
55477
48044
51421
51427
45764
47995
47906
41802
47963
35454
35572
30741
29819
30712
16166
19254
19337
16147
16096
13432
13324
10833
5661
2739
81816
81817
81630
81702
81665
81617
81581
81496
81473
81470
81465
81779
81777
81671
81678
73158
57787
64375
66904
13808
66197
16993
66748
66705
9106
61007
60763
61000
60869
60988
58711
12650
60872
60917
60868
18683
51014
51302
39328
11051
41311
47844
47724
47822
47157
44206
44151
35276
43931
44036
44112
44142
40180
40176
4199
15454
30531
30551
5596
49498
66645
66621
66644
66540
66653
36191
66250
66593
66323
66311
66556
66344
66421
58715
66554
60807
60805
30215
60799
60773
60075
59827
60560
60635
60649
60551
51218
55196
51243
51217
51202
51183
39831
39335
21263
46773
81457
81466
81463
81451
68509
81428
81157
81134
81378
81430
81437
81421
80850
80604
72267
81415
81166
81371
81393
81401
80985
69797
81369
79005
81364
81243
81258
81274
81275
81254
81348
81245
80876
81327
81214
68289
81313
81209
61718
74821
40942
61669
81135
77821
77714
75902
81278
38980
72850
73240
73356
73268
73298
66391
66437
66435
60341
60323
60303
60514
60466
60441
60280
824
51073
51019
51028
51032
43902
39792
35373
35247
35353
35221
30063
18971
10654
5265
79854
79921
81186
77922
81174
80106
71404
81173
79082
81171
81160
80641
81162
81152
79989
81155
81137
81121
79800
71254
81120
80243
81109
81106
80720
81086
70972
81084
81088
81013
81076
81077
80870
80799
81072
68877
79927
80911
80257
81057
78686
72034
81045
80925
80923
80981
80918
80714
80918
81047
80874
79153
58636
69548
81004
79895
80470
81024
81020
75924
80985
80942
72130
81012
72071
73685
80999
79883
60259
80731
77422
33552
69444
73176
73127
73098
73096
72883
72910
73024
43760
46907
50853
21901
45617
39842
43722
43712
43689
43682
43287
39593
30199
31689
29430
30008
29942
29795
18445
18695
18856
18826
13018
34142
79775
80826
80733
80504
80830
80064
79795
65587
80806
80820
80807
80803
79208
47337
80802
79892
79423
80797
80789
80724
34610
80790
80768
80394
80373
80775
80774
80773
79240
80769
80767
68981
44483
80744
80753
80752
35993
80388
80619
80740
31715
80678
28851
80739
80611
9340
80294
66186
71154
80713
76392
80628
80704
80602
71464
64264
72876
72868
62519
72817
72783
72750
19475
72725
72689
72686
72676
72664
66190
66178
66171
66155
66164
66153
66114
66018
65824
65478
2379
59765
60233
59964
60192
60187
59282
58872
47538
27357
25301
25545
25521
15768
15649
79732
76753
79426
78976
80543
80594
80590
80574
80110
80535
80568
80550
80560
79913
10708
68751
26929
80271
80515
80532
80529
80512
80517
80434
50659
80494
80214
80497
27881
27689
28100
28171
76679
28163
80495
27966
28053
28032
26488
80491
28266
80480
80483
28290
27631
28346
26673
28244
28091
80433
28347
21434
28182
28242
28441
27650
28379
28241
80444
1459
18052
79892
28487
28284
34557
28229
80376
28631
28654
28614
79847
28613
28695
28674
27531
79808
80272
28794
28786
28804
80337
28805
80343
80432
78930
80355
26593
28666
80411
80301
80426
80396
80320
78103
80418
80421
80420
40498
80287
70959
28514
79745
76438
143
80165
80389
21412
75835
72266
72391
72554
72413
39578
17099
58384
65977
65956
65945
65692
65933
65894
65843
65875
65872
65862
65842
62176
65828
60079
60008
59979
59973
59968
59904
39772
50848
47379
47411
47388
47355
28799
42166
34131
34692
34686
34676
15185
25427
25412
21594
15600
12951
12908
78524
23088
80268
79752
21739
34611
20579
80258
80251
80249
80246
80242
77615
80241
79627
12321
75276
80206
79625
80202
79806
80181
80199
58718
80186
71588
63310
80161
72116
14080
28589
79532
55467
80157
80146
80140
80118
78970
79881
80098
80136
80120
80111
45715
80115
80116
80105
44579
59818
78461
79973
79997
80000
80030
42714
80089
79918
79928
80077
78751
65684
79860
80056
80069
80053
75376
65741
65737
65636
65628
65545
65580
64427
58853
59885
58393
58314
59836
59665
59802
59789
59768
59708
42935
50743
50654
48826
47305
37470
34577
34535
34495
34437
34501
34520
25186
18525
13364
12858
12721
10364
10332
79902
79741
79761
79793
79803
79895
79890
72112
79590
79598
29191
79614
79692
79697
79707
79732
79739
79846
79870
79876
58210
76136
72207
18156
72076
72170
72119
72136
71335
10790
65484
65446
65291
65415
65394
65314
65193
65362
65331
15345
63174
53128
59667
14470
59325
13920
59653
59040
59628
59588
59589
17552
45891
50505
50529
50476
46628
47128
47071
43197
42674
42564
29571
1095
24984
24964
15381
10165
71800
71826
71820
71951
71957
71886
71872
71859
69945
64992
65186
63735
65155
65024
64607
64942
64567
64979
64648
50382
50403
59447
59412
59422
59396
59398
59374
59370
59217
59389
58695
53287
53884
11486
11747
11753
12017
50407
50375
49721
42871
42686
42650
42724
42635
38982
38924
38910
38647
38848
29416
29399
29402
24203
24756
24820
17598
18348
17231
18349
15143
79605
79368
79367
79585
78795
77021
79574
79558
78284
79578
79577
79573
58575
41444
73278
79563
79570
79534
71517
79553
79383
64995
79549
74962
19076
79548
79527
78928
79420
79547
79457
78854
79500
79529
79499
79486
21152
79504
79507
79519
79320
79514
78558
79508
79505
68612
79493
79491
79478
79485
79492
79474
79412
79479
79359
79470
77238
77779
79064
79446
79408
79461
78695
77329
71670
72408
79444
77825
77346
21247
79209
79442
63246
79440
78823
78531
78901
75380
71758
71754
71453
71688
71569
71593
71030
71458
71645
71518
19304
64354
64975
64960
64833
33890
59191
59068
59171
59175
57068
58999
59109
59008
49667
50294
50307
50279
12602
50244
50194
50187
29269
29230
29251
29197
27167
21298
18244
18105
17996
12624
79167
79160
79341
60490
79333
79334
74904
78545
79313
77899
79310
20748
71986
79297
38369
79304
79302
79285
79294
24520
79276
79286
38275
79279
41444
79265
79262
79268
79261
79257
79239
79244
79249
79252
69823
79140
79231
75260
79223
16752
79220
76539
79214
79153
66864
69051
79198
27191
63747
79170
79175
79163
79161
58830
76109
79149
79155
79063
79074
79085
79091
79142
79093
69157
79120
44482
77992
79018
78475
79118
78410
79103
68254
79136
79129
79130
79124
71484
71361
71416
70856
59771
71396
70915
71398
71282
71338
70758
71258
71151
71158
71103
71206
71186
71177
48734
71099
71121
71080
71065
71051
67401
58908
57604
58883
57205
50054
50062
50065
50027
46871
46854
46497
46688
33915
33867
33195
33221
29119
29071
18183
12514
17976
18067
17975
18078
12474
12462
79023
79020
79019
77642
78998
79016
79006
79004
78999
77674
72505
78989
78946
72212
78988
78991
67422
78797
75236
78957
78975
27262
78968
78433
78969
78870
78962
78961
78941
78953
78945
78757
78947
78781
72942
46595
78909
78915
78167
78779
78895
78907
78903
78896
70530
77398
78748
78875
78876
78866
78862
77628
77411
78759
76434
78829
78726
78735
78743
78744
27014
76333
78835
78754
78768
11648
78787
78802
78818
78651
78690
73615
33861
27836
26802
27054
70985
70962
70726
70671
70803
70764
70835
70855
46627
56199
58028
51790
53349
53297
46357
46638
46577
42556
42466
42331
42468
38348
3679
33693
33669
33493
33291
24322
18157
12388
12356
78699
77947
66983
78688
77443
78682
78168
77373
78644
78642
17169
78670
78668
78129
35353
67662
78639
77334
78304
78345
78664
73539
78661
78632
78654
75230
78523
26907
26889
78627
70698
78611
28686
78618
77698
78614
78602
77477
78587
78563
78576
78561
78557
78562
78559
78554
78528
26756
26900
78530
26168
78546
27063
77932
26888
76473
27102
27109
78534
27117
78258
78482
27201
27121
27233
27157
78520
27178
78302
78515
78337
26732
27246
27261
27293
26315
26299
77898
27301
27405
78512
27437
27450
27391
21749
27476
25952
27255
27375
78491
27600
27526
27567
78360
27598
78488
27627
27619
27688
25150
76231
27804
27779
4692
27771
27745
27851
78372
27820
78462
25043
78453
78451
78206
78444
12312
20881
58896
58915
58894
58887
58842
58816
58786
58759
58750
58724
58661
58441
58601
58585
58586
58576
58303
58571
58559
53248
53126
53214
53121
48414
49347
38114
46456
46407
8929
8990
42362
38471
38427
38299
38392
33372
38297
38388
31536
33213
33449
33406
33346
33445
33426
33350
18358
20305
20581
20864
20592
20929
20757
15946
17837
17868
12302
10904
78339
78316
78327
19181
78311
78305
62965
78191
58047
78251
78290
78282
76322
73488
78160
78256
78250
78249
70751
78018
78212
63694
78188
78217
78207
78193
28657
78181
73415
78178
77882
78171
27365
63381
77536
78146
78087
74920
78120
74619
77981
77583
41861
77877
75290
77895
78079
77921
75057
77948
4696
78084
42118
33070
78063
78038
78033
78049
78027
78019
77753
78012
77774
77801
77817
78000
77920
77954
78003
77959
2696
77986
77839
77960
70552
70353
70507
70411
70482
63990
64676
64663
64638
64526
64554
15924
24117
46264
58472
58115
16342
57348
58434
46216
26802
58413
58401
57461
58265
58366
58306
44379
46041
46196
44727
46241
46231
38292
38138
28766
28671
24053
1256
149
76374
77737
77388
77400
77439
77522
77662
77685
77392
77448
77420
77425
77470
77523
77746
77556
77563
77568
77570
77631
77647
77738
77735
70376
70371
70364
70358
70328
70211
68511
70270
70153
70234
64405
64424
64447
64407
61651
11943
17692
23961
58145
58246
58199
58206
58201
58178
58159
58101
57466
57962
58079
58058
57934
58034
6352
51570
49407
52999
53003
16174
46062
29820
42207
42182
41815
4921
37939
38041
38008
28425
28521
17667
14214
17611
17583
14478
21533
69897
70093
69106
69987
70072
69978
70019
69962
69985
69993
64301
64239
64225
64196
64163
64086
48297
14674
14668
57946
57940
57904
57909
57708
57718
55541
49785
49775
49109
49745
49073
42130
42090
37891
37958
37913
37888
37662
37561
37567
28512
28395
17448
74949
77377
77368
49498
49583
76048
77343
77348
77337
77336
76728
77321
77286
77244
73292
74990
77328
74710
75146
76890
77304
74862
77292
77273
77284
77276
77284
77257
77261
26303
77252
77251
74387
41992
76959
76847
77216
77188
76873
77161
58210
76824
77232
77229
77228
75740
77165
77224
77221
69917
69915
69813
69865
67624
69810
69803
69621
69036
69757
64064
64060
63741
64043
63231
63962
63967
63957
63939
63298
63874
63241
63841
11979
20529
52761
52918
48787
49629
49598
49624
49595
49375
49497
44555
45917
45951
27493
41992
41958
32912
32917
28779
28092
27561
27663
20316
11984
11764
75647
77123
76896
76606
77108
77101
77102
73771
77085
77081
74865
77077
44281
75369
77069
77065
77062
76546
16752
77035
9820
77038
20103
77025
60735
76867
77026
77004
14707
77010
77009
77015
77012
74878
77008
77003
76899
76995
71426
76932
76896
76886
76841
76967
76587
63373
76846
76969
76965
76972
76960
76956
76951
76152
45891
69605
69638
69003
69598
69519
69547
69542
68161
69442
64615
50904
63826
62096
10666
61504
63717
61563
63002
63550
63536
63018
63354
63320
63461
63375
63566
63479
63466
63601
63578
63567
32746
57680
57679
57663
10001
57642
57566
17051
52869
52855
52491
52810
49387
45522
45904
45895
43841
45821
45582
41791
3542
31984
28088
27861
23478
20208
17199
17351
11079
76836
76848
76775
76845
73529
76833
75987
76827
76578
76825
76816
76811
76813
76804
75727
76797
58750
76779
76489
76781
74353
75093
69265
76143
76744
76731
76619
76727
76741
76739
72186
76554
76722
76721
76713
76717
76720
75438
70079
76516
76706
76512
76534
76675
76674
74118
76673
75688
76662
61901
76644
76665
76666
76664
43931
76654
71819
9360
76635
75979
76639
76631
63380
68354
69247
69366
69186
69107
63592
63554
63526
41443
11679
57531
46809
57495
57485
57372
57415
57424
52659
49825
52612
52601
47682
52565
52576
52555
41709
41692
41699
41662
41659
41648
41640
41386
11441
41450
41563
32042
32364
20187
20120
20202
20105
15122
461
76388
76494
20215
76498
76068
76290
76499
76495
76477
75132
17958
76398
70357
76429
76429
76438
76415
76410
45901
73069
50238
72595
76366
76374
76245
76234
76248
76254
76273
13842
76336
76332
76352
71650
76347
63028
12939
76334
73279
74204
63427
76329
25759
25747
25155
76315
26292
26293
25996
25836
26140
26244
26016
26405
76197
75104
25886
72105
25139
26393
26334
26326
26368
26220
25883
26482
26428
26676
26687
26671
26708
25071
65567
56669
44188
57234
57253
57222
57244
52285
49347
47075
11486
40101
31147
31926
31931
32197
23501
23490
23486
23418
17179
14141
14329
14300
14154
14312
10789
75345
76195
76009
76173
76182
76178
76170
72505
76136
66797
76060
63660
4199
76123
76120
76124
76112
76115
76097
76110
76102
76080
76100
76053
76094
72683
76090
76086
76063
63251
76068
75977
76062
76049
60649
27576
73184
76047
75402
75717
76028
75767
75825
75822
75820
56801
45896
76022
75156
67519
75994
76005
75796
75996
39241
37157
75845
75974
75967
74072
75125
75965
68235
75927
75950
75207
75952
27680
35674
23277
75929
74079
75833
71299
69068
36268
63078
63242
63088
63163
62957
60973
63095
57066
17057
56783
27783
49226
49153
45428
45355
38462
35937
37127
27836
27763
23309
11510
18661
75707
75485
71124
75692
75475
75596
52002
75688
75479
75394
75400
75415
75489
75511
75515
75520
75533
75545
75569
75588
75606
75621
75628
31898
68969
68966
63084
62092
68908
38559
63080
61757
63046
62930
61289
16842
56882
56811
56806
56674
56728
52279
52350
52343
52291
52341
52324
49131
49084
48994
49029
8583
45213
36053
27684
21749
16983
16875
14079
68762
58561
68713
68549
67925
63954
48968
62822
62791
62747
62745
62491
62336
62020
61861
56562
56519
56511
56667
51710
35259
52180
52214
48427
48970
48930
48758
48854
5987
41276
36717
31868
29817
31856
27408
27207
20043
16862
16709
13659
13788
13769
11456
74971
56389
75393
64215
74907
74775
74677
74872
75377
75370
14598
75333
75382
75237
75384
75228
75216
75379
75381
75166
74711
75084
75079
75260
75054
75010
75007
75131
75305
75361
67281
40949
63968
75348
75340
38982
75091
71536
75331
74945
44480
75320
75313
19731
75314
73949
62554
75303
74009
75291
75134
75174
74975
75292
75075
75181
72390
74860
59601
51712
75079
74798
74085
75288
69723
66582
49463
14650
69070
75273
75261
75088
71885
52114
65602
68513
67596
68305
68431
68361
68414
68353
25682
62494
62414
62454
62286
62345
62331
37819
41158
49136
52160
52139
52058
52068
49751
47811
48415
39429
48696
48743
45103
43803
40311
40986
25235
31695
27285
26642
19989
19949
16656
13843
22507
68235
48623
66188
62168
62231
61678
62210
62209
62207
61392
62014
61831
61654
62123
62043
61518
62041
61871
61997
62018
29260
44676
56329
20341
51917
48627
48597
45002
44991
44984
44958
44967
44081
44915
44610
40961
26341
40915
31222
31570
27001
22874
19364
16602
11325
70837
68514
51312
67786
67645
66538
61679
61637
61868
13771
55274
56183
56159
56125
52773
51876
51878
50053
51853
51780
35634
36408
3030
32556
31398
31392
31382
26834
21419
19777
19594
19723
14082
13391
11162
11152
2284
14134
35517
46317
74650
74637
74632
12846
74598
74617
74234
74376
74412
74588
74413
74446
74450
74410
71399
33552
74572
74558
64348
21885
22725
74539
74524
63712
68274
74509
73550
60848
74499
74503
38980
74296
74494
71888
16043
43988
27222
48439
56090
55892
56028
51642
51697
51677
51718
47836
47926
31073
40519
36272
28933
30780
31180
31086
31074
30994
18125
19665
18063
19569
18202
19523
13383
13675
5622
74332
74369
74360
74358
73912
72326
74086
74356
74216
74368
74153
74176
74359
74343
74331
73744
73955
74342
63801
73331
72795
74322
45764
74311
74315
74004
73020
74308
74290
74299
70373
74261
73823
10922
74280
16857
74247
74245
51073
73789
74242
74240
74222
71205
74235
74236
74211
73119
73188
74050
74229
73605
74210
72517
30199
73402
74197
66528
74184
73827
27961
69903
72543
18695
72863
30542
74175
73893
17803
36191
67576
3440
67558
67547
61506
26720
44413
15417
44780
44459
48435
48410
48403
48166
44313
48368
48342
44545
44520
44317
44474
44467
44463
43669
43454
36119
36122
36027
22522
6730
74108
74097
74104
24798
24951
24725
24959
74100
24877
24801
24938
24723
24799
24831
24848
24608
24852
24804
24818
24916
24883
73873
24567
25048
24673
25098
25061
25231
25214
25247
25264
25299
25192
25184
25037
73132
25417
25368
73939
25432
25352
25363
25460
25266
25462
73462
25517
73481
25555
73482
25582
25606
73495
73507
74029
73530
25605
25561
73573
73691
73754
74023
73779
73861
73893
73890
73912
73922
74067
73124
74039
73798
73818
73881
73767
74046
73969
74065
74066
74062
74057
74047
72529
67322
66205
67352
67357
67256
64415
67278
67349
67324
61387
61330
60978
61102
61282
61287
55628
55500
55648
5031
51612
51553
47401
44244
44267
44284
44281
44323
22345
35943
35792
21926
26107
26068
26357
12917
400
67211
26383
67190
67181
67177
67143
66364
65729
66882
67004
66984
67083
19576
61161
61125
57000
61105
61063
55477
48044
51421
51427
47963
35454
35572
29819
30712
16166
19254
19337
19311
16147
16096
13432
13324
13379
10833
5661
57787
64375
66904
13808
66197
66873
66627
66854
16993
66748
66705
9106
61007
60763
61000
60869
60988
58711
12650
60872
60868
18683
51014
51302
41311
47844
47724
47157
44206
44098
44151
35276
44112
44142
44036
40176
40180
15454
30531
30551
19267
9214
5596
66645
66644
66621
66540
66653
66208
66593
66250
66575
66311
66323
66344
66556
66421
66483
66562
58715
66554
60407
30215
60805
60773
60560
60635
60551
51218
55181
55196
51243
51217
51202
51183
39831
39335
30353
21263
71742
73379
73419
72850
73307
72749
73240
73388
31898
72882
73372
73237
73361
73356
73065
63088
72885
73351
70436
73268
72820
72072
73224
73200
73334
73126
69661
73298
16190
66391
66435
66437
18839
60341
60397
60323
60303
60514
60466
60441
60280
19696
824
51019
51032
51028
43902
43824
43817
39792
35247
35221
30063
19005
18971
10654
5265
73203
73199
73190
73189
66157
21533
73176
72829
72829
73163
73165
71405
73169
73158
72521
72151
73127
73133
19591
73119
16622
70923
65894
73114
70310
73098
73096
73042
72461
17405
73087
59089
72517
73070
73068
72973
72883
72950
73062
29927
59789
70477
72910
72965
72965
73007
47379
73024
43760
28479
54891
46907
50938
50853
21901
43712
43722
43697
43619
39842
43682
43689
43287
39593
31689
29430
30008
29942
29795
18445
18856
18826
13018
72912
72840
69854
50654
64264
23481
71845
72558
59362
72876
72868
72092
34802
66012
62519
67411
70937
69321
72861
72806
72797
72817
13379
72812
72772
69741
72809
25301
72799
40868
72786
66155
72783
23912
72750
23807
65478
23905
22945
24349
24097
72763
22147
24051
58176
1256
21246
20813
71420
22625
72748
70002
72754
72708
72761
56511
24221
72403
72756
24389
72721
24376
67325
19475
71589
71259
72725
72689
72716
72686
72676
72697
72707
72664
72678
69503
18189
72352
60233
34611
10165
72667
66186
66176
66178
66171
66164
66153
66114
66018
65824
2379
59765
60192
9340
59282
58872
43485
27357
25545
25521
15768
15649
10666
72562
72266
72267
72292
72303
72385
72391
72554
72413
72463
72543
72295
72519
72519
72545
39578
72525
29783
17099
58384
65977
65956
65945
65692
65933
65843
65875
65872
65862
65842
62176
65828
47337
60079
60074
60008
59979
59973
59968
59904
39772
50848
50802
47411
47355
28799
42166
34676
34686
15185
25427
25412
143
21631
21594
15600
12951
12908
65741
65737
65636
65243
65628
65545
65580
65587
34142
58853
59885
58393
58314
59836
59665
59818
59802
50822
59768
59708
42935
50748
50743
48826
50659
37470
34577
34557
34535
34437
34501
29624
25254
25186
18525
13364
12858
12721
10364
10332
72216
72214
72207
18156
39168
71877
72203
72153
72198
72197
71937
71930
72180
72112
72076
72170
22263
71176
71960
72113
72162
64427
72137
72119
71532
72157
72136
71608
72109
72130
72116
2284
72122
72110
71923
72099
71335
70317
31411
66859
10790
65301
65484
65446
65291
65415
65394
65359
65314
65193
65362
65352
65331
15345
63174
53128
59667
59040
59653
59628
59589
50505
50533
50476
50529
47128
47071
43197
42674
42564
29571
29380
1095
24984
24964
15381
72010
72006
72001
71800
20570
71992
71944
71970
71962
71950
71826
71820
71953
71951
71955
71957
65447
68910
71946
70925
71940
71918
71909
51305
71885
67609
71902
71754
71899
67350
71898
71893
71680
71882
71886
48723
70230
71869
71872
71865
71862
24820
59370
71848
71859
71853
19304
64992
65186
52730
63735
65155
65024
65058
64607
64942
64567
64979
64648
50382
50403
58705
59447
59412
59422
59396
59398
59217
59389
53287
53884
50407
49721
50375
43042
42686
42871
42650
42724
42714
42602
42635
38982
38924
38910
38647
38848
29416
29399
29402
29296
24203
24756
24815
17598
21347
18348
17231
18349
15143
71493
70623
20305
71759
71547
70585
71720
71758
71754
71749
71619
71453
70112
71742
71734
71735
71688
20925
71569
24520
71725
42437
71678
71713
71593
71702
71679
71630
71681
71626
64975
44483
71458
71030
18925
71655
71645
71640
71641
71624
71554
71622
71621
71120
71614
71606
71588
71612
71548
71584
71575
71282
71590
71518
71264
69535
68509
64354
65003
64960
64833
33890
59068
57068
59171
59175
59191
59008
59109
58999
49667
50294
50307
50279
12602
49900
50244
50194
50187
29269
29230
29255
29251
29191
27167
29197
18105
18244
17996
12624
71486
71483
71484
71482
71481
71477
71471
71457
71361
71450
71448
71444
71439
71437
71431
71416
71427
71421
50054
33748
71404
71038
70856
71403
59771
71399
71398
70915
71396
71392
71282
62717
68173
22383
23115
23013
18498
21492
23342
71357
23502
23500
71354
23583
23606
23598
23524
23703
23715
71299
71338
71296
70587
63439
67145
46838
71268
70758
18611
71063
60301
71158
71244
71035
71217
71216
70233
69745
71209
71206
71126
71009
71200
71198
71195
71186
71183
20343
71177
70837
71171
71172
71160
70913
71150
71155
71148
71150
71127
48734
71124
71130
4865
71121
71103
69444
71099
71097
16310
71054
71087
71050
71080
71065
71049
67401
71051
58908
52898
14055
50088
50027
50062
50065
46854
46497
46688
38369
33195
33221
29119
29071
18183
12514
17976
17975
18067
18078
12462
70939
70962
70985
71003
69451
70959
70924
70726
70671
70699
70923
70730
70743
70764
70803
70835
70855
70789
70480
58797
51790
53349
53297
46357
46577
42556
42466
42331
42449
42468
38348
3679
33693
33669
33493
33291
20992
24322
12388
12356
20881
12312
20718
58915
58896
58894
58887
58494
58842
58816
58786
58750
41686
58759
58724
58661
58575
58601
58585
58586
58303
58576
53126
53121
53214
48414
49347
38114
46456
10958
46407
41508
42362
38471
38427
38299
38392
33372
38297
38388
31536
33213
67162
33449
33346
33426
33350
20864
20368
18358
20592
20581
20929
20757
15946
17837
17868
12302
10904
70387
70549
70575
70488
67860
70561
70552
70539
70559
70555
70541
70542
70525
13806
70535
70535
70524
70353
70507
70506
67161
70461
70497
70411
70498
70442
70494
70496
57138
70482
20529
63990
64390
64676
64663
64645
64668
64638
64526
64554
15924
24117
46264
58115
16342
58434
46216
58413
58401
57461
58265
58366
58306
44379
46041
46196
46241
46231
38292
38138
28766
28315
28671
27195
24053
14923
149
69409
70390
70402
70396
70381
70388
70386
70382
70371
70376
69702
69989
70364
70067
70327
70361
70358
70326
70326
70346
58034
70345
70344
70334
64677
70328
63675
70313
70295
70306
64447
70302
70289
70126
70211
70274
68511
70271
70270
70158
70199
70224
70121
70250
70258
70251
70153
17504
70234
70247
65646
70230
64405
64424
64441
64407
61651
2696
11943
17692
23961
58246
58145
58206
58178
58159
58101
57466
57962
6352
53084
49407
51570
52999
53003
16174
46103
29820
42218
37976
42182
41815
42118
4921
37939
38041
38008
28425
28521
28323
17667
14214
17611
17583
14478
4692
68928
57708
68373
70097
69897
70103
70093
69106
69942
69987
37964
60716
69965
70074
70072
70069
52114
69919
70058
70059
70060
69390
69380
69546
69241
69978
63967
19746
70029
70039
69728
70031
69995
70018
67822
70022
70019
69933
69961
69920
69962
69699
70008
69985
63354
69993
69986
64301
63541
64239
64225
64196
64163
64086
48297
14668
14674
57946
57940
57904
57909
57718
55541
49785
49775
49109
49768
49745
49073
42130
41886
42125
42090
42040
37958
37891
37913
37888
37662
37567
37561
28512
28501
28395
17552
17448
14457
69692
69917
69906
69915
69508
21576
16301
67533
69773
69892
41444
69813
69360
69829
69838
69865
69844
69393
66782
69862
67624
69738
69854
69825
68758
69827
69827
69815
68758
65623
69816
69814
69810
69812
69734
69625
69803
69781
69784
69621
21896
22462
22429
17037
22389
22556
69036
22666
69757
22958
69457
22651
69750
69718
66722
41938
64064
64060
63741
64043
63231
63962
63957
63939
63298
63920
63874
63241
63841
11979
20529
52420
52761
52705
52918
48787
49629
49598
49624
49595
49375
49583
49497
44555
45917
45951
27493
40549
41992
41958
39423
32917
32912
28779
27561
28092
27663
11984
11764
69654
69605
69641
69638
69590
69603
69003
69162
69629
69625
64079
69556
40489
69598
69603
69519
69467
69456
64039
56820
69026
69547
69549
61881
69542
69262
68524
63088
68488
69509
14312
68161
27611
16883
69490
69442
69227
14329
69485
69484
19600
69404
64615
69430
69458
14816
68517
69168
69450
50904
63826
62096
10666
61504
61539
63310
63717
61563
63722
63002
63536
63550
63018
63373
63320
63461
63381
63375
63466
63566
63578
63479
63567
63601
32746
57679
57680
57663
10001
57629
57642
57559
57566
52846
52869
52855
52491
52810
52779
49387
45522
45895
45689
45821
45781
45582
41791
20103
3542
28088
27861
23478
18565
17199
17351
17169
11079
11826
68354
69186
69247
69366
69260
69289
69123
69373
69107
69211
69228
69240
63592
59947
63554
63526
63512
41443
11679
57514
57531
46809
57495
57415
57372
52659
52469
49825
52601
52576
52555
52371
41709
41692
41699
41659
41662
41648
41386
41640
11441
41450
41563
69240
32042
32364
20187
20120
20202
20105
15122
461
56669
44188
57222
52285
52481
49347
47075
49263
40101
31147
32197
31931
23501
23490
23486
23418
17179
14141
14154
14300
10789
69158
69157
69155
68877
66418
69111
18895
69103
68898
69105
67221
69098
11612
69094
68857
67495
20103
62957
68907
64185
69068
63078
69017
69060
23277
69005
69010
69053
69013
69051
36268
1660
63251
63242
63234
60826
60973
63163
61211
63095
57066
17057
57019
56783
27783
49226
49216
49153
45355
38462
35937
37127
27763
23309
11510
53478
68985
68969
68981
68977
68552
62717
63084
68036
68966
68970
68964
68963
68538
15969
63310
68929
68937
62092
10410
68768
68935
66816
68930
68926
68927
68716
65916
68918
67796
68908
68829
38559
68907
68898
68891
56699
68840
68865
63734
67708
61289
68814
62930
68871
60827
63080
61757
63046
63028
62837
16842
56882
56826
56811
56801
56674
56728
52279
52291
52350
52343
52341
52324
49131
49084
49075
49029
48994
45213
41420
41038
36053
27333
27684
27576
16983
16875
16886
14079
68582
68762
36717
67899
68765
68022
68763
68749
68736
68733
68733
68651
58561
68612
68713
68549
68591
68710
68692
61954
64727
68681
17437
13769
67925
56519
63954
9360
48968
62822
62808
62791
61696
62747
62745
62491
62336
62020
61861
16082
56562
56511
56667
56601
51710
35259
52214
52180
48427
48970
48930
48758
48854
5987
41276
29817
31839
27408
27207
20043
16862
16709
13659
13788
11456
11449
68575
68448
68569
67947
68564
63161
68547
68553
68514
68550
68376
17115
68539
68537
66036
68529
65602
68525
68520
68520
68513
68512
68503
68491
68484
51222
65942
67775
68475
16043
68470
68291
67596
65102
68463
68305
68451
41158
68442
68440
31074
21523
68431
68284
68321
68361
21236
68414
67473
68424
68418
68400
68007
21221
21845
19457
19749
21789
21822
21666
68398
68403
21819
68353
68397
21278
68371
68398
21964
21802
22050
68393
21216
40833
62494
62414
62454
62286
62345
62331
37819
49136
52160
51712
51867
52058
52068
49751
47811
48415
48759
48696
39429
48743
4012
40462
40311
40986
25235
31695
31685
27285
26887
26642
19989
19949
16656
13843
68272
67283
67822
68261
68233
67905
14061
68255
65248
65245
65441
68244
68248
67881
68240
68223
68234
68235
68138
67883
68225
68220
68197
68129
65442
67242
67646
68169
68168
60397
68158
68157
61375
68089
68145
68142
57068
63843
68132
68018
67966
67978
65859
67848
62021
57669
67133
68059
67540
68098
65133
61796
68094
68082
61314
67946
68076
67764
66078
68068
51312
68062
67961
48623
62168
62231
61678
62219
62209
62210
62207
61392
62014
61831
61654
62123
62090
58830
62043
61518
62041
61871
62018
61997
61969
29260
44676
56329
52013
52002
20341
51917
51967
12584
48627
48597
44991
44984
44939
44617
44706
44610
40961
26341
40949
40915
31222
31570
27001
22874
19364
16602
16567
11325
67945
67904
67936
67942
67738
67906
67939
67786
67690
11995
17636
67924
67921
58921
67900
61679
61637
61659
61868
13771
55274
56183
56159
56125
52773
51876
51878
50053
51853
51780
51759
36484
35634
36408
3030
32556
26834
21419
19777
19594
19748
19723
14082
13391
11162
11152
43988
27222
22725
47834
48439
56090
55892
51642
51677
51697
51718
47836
47926
31073
40519
36272
28933
31180
30780
31086
30994
19665
18063
18125
19569
19523
18202
12846
16469
13383
13671
13675
5622
67681
67677
67675
67670
67584
67662
67576
67648
67645
67641
37499
67570
67630
67617
67612
67602
67315
36384
67585
67593
67583
43669
67569
67571
3440
39705
50848
67558
38392
67547
43454
67498
67541
61525
61506
26720
44413
15417
44780
44459
48435
48412
48410
48403
44313
48368
48342
44545
44520
44400
44317
44480
44467
44474
44463
36122
36119
35517
36027
22846
22522
6730
67471
61606
67466
67456
67435
65740
61287
65475
67404
67389
67392
67322
67388
66205
67372
67352
67256
67235
67357
64415
67278
67349
67324
67335
67332
42935
67304
67044
67313
61004
61387
61330
60978
61102
61282
55467
55500
55628
55648
5031
51612
51553
47401
44244
44267
44284
44323
22345
35943
35792
21926
26068
26107
26357
12917
400
67232
67211
67228
67049
57453
26383
30063
61068
67190
67198
67181
67180
67177
67171
66965
21204
67143
65618
67164
65469
67158
67157
66837
67134
48538
66364
67072
65605
49949
67128
65729
41438
48623
67107
67004
66882
66984
67062
67083
66930
67100
67099
67094
60832
60679
61161
61125
57000
61105
61063
55340
55477
48044
33855
51421
51427
45764
47963
67004
35454
35572
67004
30741
29819
30712
16166
25987
26310
19254
19337
19311
16147
16149
16096
13432
13324
13385
13379
10833
5661
2739
60323
66972
66262
66913
57787
66949
64375
66835
66904
66910
64402
66910
39638
66907
66901
13808
66888
66197
66873
66627
66874
66864
66854
66690
66852
66143
17907
16993
63062
17489
66698
20801
20917
19405
20896
20725
19760
20737
20608
20647
20647
66748
20628
21007
66607
19472
16317
19599
21050
60767
63764
15301
21094
21141
21187
20910
21238
21244
66705
20880
20955
21204
21274
21281
21262
66691
21197
66786
21420
66791
21366
66797
21424
66736
21363
59656
61007
65900
25623
9106
61000
60763
60988
60869
58711
12650
60872
60868
51378
51366
48200
18683
51014
51302
41311
47844
47724
47157
44206
44151
35276
43639
44112
44142
43931
44036
40176
40180
15454
30531
30551
19267
13313
9214
5596
58342
66680
16768
66671
64840
39831
66645
65169
66621
66644
66346
45587
65849
66663
66656
66540
66661
66660
66656
66560
66653
64708
66631
65912
66626
66614
66622
36191
66613
62977
20581
66603
66604
66208
66600
66550
66596
66563
66250
66593
66311
66323
66575
66344
66556
66553
66579
66421
66483
66574
66562
66552
66253
58715
66554
50238
20946
66538
66498
25682
51032
66529
60407
30215
60805
60773
25623
60560
57948
60635
60636
60713
60551
51218
55181
55196
51243
51217
51202
51183
47681
39335
30353
21263
19098
15864
66391
66424
66276
66339
66376
66435
58081
65567
66437
65891
66445
60303
60466
60341
60514
60441
60280
824
51073
50746
51019
51028
43902
43817
39826
39792
39781
39634
35353
35247
35221
30063
22030
21745
19005
18971
10654
5265
43760
46907
50853
50938
21901
43697
39842
43712
43722
43689
43682
43287
39526
39593
30199
31689
29430
30008
29942
29795
18445
18695
18856
18826
15179
15809
13018
66186
66190
60447
66188
63959
66178
66176
66171
66166
41530
66155
65710
66164
66163
66153
59357
63692
66132
19265
66085
58750
10666
66114
66018
66011
66011
65979
66012
65824
66082
66081
66075
66062
66074
59765
60233
60192
9340
59282
58872
43244
43549
27357
25536
25301
25545
25521
15768
15649
65156
58384
65997
65571
65771
65977
65976
65974
65893
65970
65969
65963
65492
65956
65943
65952
65945
65692
65933
65894
61068
65875
65843
65775
65872
65813
42259
64743
65763
65862
65821
65855
65845
65842
17706
65746
62176
65182
9288
65828
47337
60079
60074
60008
59979
59973
59968
59904
39772
47379
47411
47355
28799
42166
34676
34686
15185
25427
25412
143
21594
21631
15646
15600
12951
12908
62441
65745
65741
65737
65740
65736
65575
65727
65719
65267
65690
65697
65682
63782
65676
65334
60738
65662
64938
48968
65211
65659
65651
15702
65592
65648
1660
65636
10790
59768
65243
65631
65628
65612
65615
65620
65616
62480
65524
65540
65545
64984
65561
65580
65584
65587
59708
34142
58853
59885
58393
58314
59836
59665
59818
59802
59789
59787
50822
50368
50743
50691
50311
50654
48826
50659
39254
37470
39310
38287
34611
34577
34557
34535
34501
34437
25254
25186
18525
18604
13364
12858
12721
10364
10332
65484
65415
65478
65396
65390
64682
65463
65456
39168
65446
61403
61403
34698
65427
65291
65411
65421
65416
65419
65359
65415
65406
2379
62802
65401
53248
65394
32014
12524
65359
65314
65193
65375
15444
64784
65301
65362
64944
65352
58210
62508
42130
20301
20114
20295
20212
20358
20171
20375
11374
20389
20333
64427
20156
20342
17783
20316
65343
14944
20488
20531
20411
20487
20560
20426
20562
20248
13587
65023
11448
65331
15345
63174
53128
59667
59040
59653
59628
59589
45891
15417
50505
50529
50533
50476
47128
47057
47071
43197
42674
42564
29571
1095
24984
25050
24964
18536
15381
10165
65252
64992
63782
65227
65186
57914
65219
65217
60095
65213
65207
65186
65206
20342
65196
14078
65170
65176
57952
52730
65161
9276
65173
33221
15662
65171
63735
65155
65024
65040
65079
64872
63850
65145
65091
65058
64607
63963
64173
24878
64942
65010
24815
65113
65122
59068
64567
59925
64979
63129
64648
61048
34551
50382
50403
58705
59447
59412
59422
59396
59217
59370
59398
59389
53287
53884
11883
50407
50375
49721
42871
42686
42635
42724
42592
42714
42650
38982
38636
38924
38910
38647
38848
29416
29402
29399
24892
24203
24756
24820
17598
21347
17231
18348
18349
15271
15143
65003
64984
45595
64995
64719
64975
64971
64963
64939
33346
33346
64964
64941
64960
64712
64755
64758
64833
64929
33890
59191
59175
59171
59109
58999
59008
58804
49667
50294
50307
50321
50279
50278
12602
26497
41228
50244
50194
50187
29269
29230
29251
29254
29191
29197
27167
18105
18244
17996
12624
28851
20881
12312
20718
58915
58908
58894
58896
58887
58494
58842
58816
58786
58759
41686
58724
58661
58575
58601
58585
58586
58576
58303
51790
53349
51512
53297
53214
53126
53121
50054
50062
50027
50005
50088
50065
49915
48414
49347
46854
46497
46838
46688
46357
46627
46577
38114
46456
10958
46407
38369
42556
42466
42331
42468
42362
38575
38348
37645
38533
3679
38471
38457
38427
38299
38427
33372
38388
38297
16736
33195
33693
33669
33493
33291
31536
33213
33449
33445
33426
29119
29071
27607
20992
24268
24322
18157
21036
20864
20305
20368
18358
20592
20929
20757
18183
12514
17975
17976
18067
18078
15946
17837
17868
12462
12388
12356
12302
10904
64720
64707
64710
64706
63219
61808
64428
64676
64390
64663
64690
64456
64686
64680
64645
64666
64668
16043
61110
64665
64267
64654
13112
63249
64508
64637
64638
60186
64611
64634
64526
64621
64554
64354
64614
64622
61049
64582
15924
43165
46264
58115
16342
58434
26802
46216
58413
58401
57461
58306
58265
58366
58262
44379
46041
46196
46241
46231
38292
38138
28766
28671
24053
14923
12086
1256
149
64361
64505
64498
62415
64080
64272
64493
64484
64480
64478
64471
60917
64405
64399
64157
64424
64457
64423
64447
64441
17778
64438
64435
63338
64411
64301
64411
64406
64407
64347
13350
64391
60971
61651
64015
62718
57946
2696
11943
23961
17692
58145
58246
58199
58206
58204
58178
58159
57466
58101
57962
58034
6352
51570
49407
52999
53003
16174
46103
29820
42182
42141
41815
42118
4921
37939
38041
38008
28425
28388
28521
17667
14214
17611
17618
17583
14478
4692
62546
64298
64296
63541
62289
64191
63873
64226
64239
37348
64229
64225
60974
64222
64003
59947
6694
61680
64203
64196
37457
64188
64180
64163
64086
14671
64083
64124
63800
64147
63275
48297
14668
14674
57940
57909
57904
57708
57718
55541
49785
49775
49780
49109
49768
49745
11100
9469
49073
42090
37958
37891
37913
37888
37662
37566
37561
37567
28512
28495
28498
28395
23869
17448
17440
14457
12043
64076
64074
14460
64064
64060
64042
44112
64046
63741
64043
64039
64024
64032
63946
64016
63231
64008
64001
63992
63990
11096
63853
63962
63967
63957
63958
63939
63298
63938
42580
63935
16794
48787
19890
63190
63925
63928
63764
19525
17557
19487
19453
19562
19380
19473
12902
63920
62272
19890
19829
19860
18403
19979
19911
18199
17958
19758
20038
20055
20069
20072
20098
20097
63874
63879
63241
20662
63841
63904
52764
11979
20529
52761
52705
52918
49665
49629
49624
49598
49595
49375
49583
49497
46151
44555
45917
45951
27493
41992
41958
39423
32917
28779
32912
27561
28092
27663
11984
11764
63418
13750
11632
58378
63724
63826
62016
19576
19793
17833
62096
63502
52285
46809
63816
15345
10666
61504
61539
63790
63783
62692
63774
63771
61019
63310
63395
63717
63186
63749
61563
17408
63725
63309
63722
63713
63716
63002
63705
63513
62193
63536
63550
63689
63018
63320
63354
63373
63375
63381
63461
63466
63479
63566
51964
63567
63578
63601
63628
62020
32746
57679
57680
57663
10001
57629
57642
57559
57566
52869
52855
52491
52810
52779
49387
45522
45895
45689
45821
45781
45582
41791
3542
28088
27861
23478
18565
17351
17169
17199
11648
11826
11079
11844
63333
63282
63380
63596
63600
63592
59947
63398
63480
63543
63531
63542
63554
63526
63451
63512
41443
11679
57514
57541
57531
57495
57458
57372
57424
57415
52469
49825
52601
52576
52555
41709
41692
41699
41659
41662
41648
41640
41386
11441
41450
41563
37476
37288
32042
32364
20187
20120
20105
15122
14391
9555
461
56669
44188
57222
52481
49347
47075
49263
40101
37338
37267
31147
32295
31931
32197
23501
23490
23486
23418
17179
14141
14329
14312
14300
14154
10789
63251
63078
63250
62251
63242
49733
63238
61467
63234
62675
62640
63228
62670
60826
63088
61895
16865
63203
63200
61359
23277
63198
63174
62904
63195
17000
63192
61182
62999
63130
48696
63068
63119
63154
60609
62534
63145
63173
60034
61211
63163
62957
60973
61002
21885
47258
63095
11979
57066
17057
57019
56783
27783
49226
49216
49153
45355
38462
35937
34403
20136
35779
37127
36957
37092
27680
27836
27763
23309
11510
52180
17803
63084
63080
14915
18955
63065
14650
63059
63054
61757
62996
63046
62340
30731
62680
62930
63028
63012
62561
61019
63003
39019
58904
62999
62668
62682
62617
62887
62968
62877
62837
56801
62937
61289
62871
16842
56882
56826
56811
56674
56728
52279
52350
52291
52343
52341
52324
49131
49120
49084
49075
49029
48994
45213
34687
36053
36724
27684
27576
16985
16983
16875
16886
14079
62843
11845
31575
62348
62822
62818
62826
62808
62694
62694
62807
62053
62791
13873
62782
27146
62613
62780
62759
62622
60298
62753
19626
61696
62749
62747
60976
62680
62744
60933
62745
51302
62694
62688
62614
60128
62712
62724
62188
62713
28851
62491
62670
62707
62704
62693
61954
62202
62692
62336
62682
42259
62020
16082
35674
56511
56519
56667
56601
56562
51710
35259
52214
48427
48970
48930
48758
48854
5987
41296
41276
36594
36717
35695
29817
31839
27408
27207
20043
16862
16824
16709
13659
13788
13769
11456
11449
61738
13049
62574
62234
14872
33472
62538
50904
41827
58504
62512
61605
62510
62168
62481
62112
62488
62494
62414
60837
62466
62106
62454
59501
50238
62167
14071
61138
62449
24117
61901
18685
18742
61830
18907
18645
18870
18898
10410
18887
62426
18859
18875
18866
17803
62286
18667
18819
18126
19026
18962
62430
2696
62424
19050
18961
18926
18955
62405
19076
61380
9847
19204
19216
19234
19222
62407
17951
19292
19333
19359
19352
19328
19298
62380
19279
62403
62259
62369
62331
62345
62011
62280
37819
41158
49136
52160
51712
52058
52068
52095
49751
47811
48807
48415
48765
48759
39429
48743
48723
40311
40986
25235
31695
31685
27285
26642
19989
19949
16656
13843
62270
62109
17437
62266
62168
62252
62231
62053
62110
60771
61678
62228
62219
62209
62210
62215
62190
62190
62205
62197
62193
62138
62207
43760
61986
61392
62082
62014
62175
62027
62132
62159
61831
41443
61654
62141
61200
62131
60048
62123
62125
62081
58830
59207
62090
62043
43988
9062
61518
62080
62066
62061
12876
62055
62041
61871
49226
62032
61997
62018
61941
61969
61971
29260
61991
44676
49110
56329
52002
20341
51917
48597
48627
44991
44984
5389
44706
44610
44617
40961
26341
40949
40915
40833
31222
31570
27114
27001
22507
22874
19364
19849
16607
16602
16567
11325
11304
61613
61637
61659
61679
61720
61747
61766
61784
61856
61868
61785
61861
60049
61693
61853
61743
61840
60411
13771
55274
56183
56175
56159
56125
52773
51876
51878
50053
51692
51853
51759
51780
36484
35634
36408
3030
32556
26834
21419
19793
19777
19594
19748
19723
14082
13391
11162
11152
27222
47834
22725
48439
56090
55892
51642
51697
51677
51718
47836
48534
47926
48507
31073
40519
36303
36272
28933
31180
30780
31086
31074
30994
19665
18125
18063
19523
18202
12846
16469
13383
13671
13675
5622
53191
57867
35696
61375
61538
61543
42466
44459
61520
61430
61526
61525
61506
61519
14650
14650
61499
61507
61498
36832
43454
61462
15254
61472
61320
60981
34520
61479
26720
44413
15417
44780
48435
48425
48412
48410
48403
44313
48350
48368
48283
48342
48345
44545
44520
44400
44317
44480
44467
44474
44463
43669
36122
36119
35517
27846
35883
36027
22522
6730
16260
9452
34765
61004
61395
61225
61391
61387
45213
34142
60709
60811
37819
20985
61364
61354
9824
61361
13387
61344
61329
61335
61330
47337
61326
61324
17885
60978
61311
32746
61102
50863
61300
33890
61282
61288
61206
61297
61293
61291
55467
55628
55500
55648
5031
51612
51553
48199
47401
44244
44284
44267
44281
44323
22345
35943
35792
21926
26068
26107
26357
12917
400
59941
61199
60385
16403
50432
50432
50432
60832
61187
12599
27996
61168
60679
61161
61163
61153
18460
61145
61151
35776
11943
16082
16842
61138
60578
18045
20881
61128
58914
61125
61116
57000
60268
9820
61110
61105
61098
61063
60308
48412
38919
11286
28505
61081
47834
61081
55340
8940
55477
48044
33855
51421
51427
45764
41802
47963
13292
35454
35436
35572
30741
29819
30712
16166
19369
19304
19337
19311
16147
16149
16096
13432
13324
13385
10833
5661
2739
61016
11860
16913
61007
13771
11623
43287
61000
60763
60851
60869
60988
60982
12063
58711
10065
14674
42556
60981
14668
60967
60946
60966
60962
60961
12650
12312
60959
20912
60933
17970
18084
18008
60915
18016
17885
12198
18142
18220
60917
18198
18137
60872
18285
60919
18118
18429
22725
17692
18453
18487
12244
26720
20156
60046
60926
47724
60906
60835
13736
60868
60827
50382
60887
18635
18616
60885
18625
17305
18615
824
11393
60522
20529
60649
18683
51014
51302
11051
39328
41311
47844
47157
44206
44151
35276
43639
44036
44142
43931
40190
40176
40180
4199
15454
30551
30531
19267
13313
9214
5596
9382
50403
60817
60814
23961
60503
48439
15401
60811
20718
42135
60810
60807
60407
46264
30215
60805
41158
60799
60596
60776
60439
60776
60786
60762
60773
29430
60740
59768
60336
33070
60075
60075
60752
60748
59827
60547
60560
57948
60346
60636
60635
52395
60649
60715
20844
13434
13434
11988
60713
60710
60709
60661
60551
60569
51032
23490
60674
11380
51218
55181
55196
51243
51217
11394
12405
51202
12501
51183
47681
39831
39335
30353
21263
19098
15864
60603
58873
15750
60427
60591
60592
60303
60323
60341
60397
60466
60514
60549
60559
60441
10959
11665
60552
60280
60377
60296
60335
60494
60309
60541
60529
51073
51019
51028
43902
43156
43817
39792
39634
35370
35373
35353
35247
35221
30063
25623
22030
21745
19005
18971
10654
5265
59964
9340
52227
46907
50938
50853
21901
43697
43712
43722
39842
43689
43682
39526
39593
30199
31689
30008
29942
29795
18445
18695
18856
18826
15809
13018
60291
60271
60284
57668
60272
34766
60257
60255
60252
15600
46571
59765
60233
60235
59964
60218
60222
60210
60192
60203
60128
60206
28678
60187
59282
60099
60183
59633
60186
58639
60171
58872
58828
60118
60154
60162
59907
59917
58943
47538
43603
27357
25536
25301
25545
25521
15768
15649
60079
26249
14009
59682
60074
31763
56787
41395
60054
60044
60052
60039
59562
60008
60047
9743
60003
52123
10359
59732
59982
60000
59998
59979
59973
59968
58173
59904
59961
59962
39772
50848
47379
47411
47388
47355
28799
42995
42166
34131
34339
34676
34686
34692
15185
25427
25412
143
21594
21631
15646
12951
38297
58853
59885
50407
59590
59861
58393
58314
59846
59836
57066
59665
59818
59816
13610
59792
31839
50505
17643
59802
59798
14920
59789
59787
59774
59781
59737
50822
59770
18131
59768
50316
59766
23418
59708
13364
9665
42935
50743
50691
50311
50654
48826
50659
47305
37470
34611
34577
34557
34535
34495
34501
34437
25254
25186
18525
18604
12858
12721
10364
10359
10332
59634
59685
59683
53128
59667
59654
13947
14470
59040
59653
13920
59325
57706
59628
59588
59609
59429
38924
59601
50368
17232
13434
59519
59589
17360
17323
59583
17383
57454
17399
17414
16256
17437
17347
59407
17374
17358
17367
17420
59537
17223
17469
17552
53336
17497
17555
42686
17580
17643
17619
16241
17778
17781
17786
17794
59545
17551
17816
17815
17167
17106
17833
17609
59507
14644
44676
59544
59543
10501
46776
45891
41961
50432
50533
50476
50529
46628
47128
47057
47071
43197
42674
42564
39159
38596
29571
1095
24984
24964
18536
15381
10165
59465
58434
14811
59455
58705
53191
53191
59447
59442
59434
59430
59412
16902
58003
59422
59411
59396
59398
59217
59370
59374
59389
42686
57199
59357
58950
59354
59350
51968
38596
58211
59321
59283
58695
59312
59311
25429
14478
12304
53287
53884
11686
11486
11747
50375
49721
42871
42806
42650
42714
42592
42635
42724
38982
38636
38910
38647
38848
29416
29399
29402
24203
24756
24820
24815
17598
21347
17231
18348
18349
15143
15271
59218
58806
59195
58985
59196
59200
59084
59191
59189
57068
59140
59175
59171
59119
59109
59068
59008
58999
58943
49667
50294
50307
50316
50278
50279
12602
50244
50194
50187
29269
29230
29254
29251
29191
29197
27167
20861
21298
18105
18244
17996
10501
12624
46838
30014
12474
10027
9996
58918
58878
57604
58915
58908
15528
58901
58896
58894
58887
58883
31386
58873
58494
58865
29036
57205
14014
14888
58842
50062
50005
50027
50054
50065
50088
46854
46497
46773
46688
38369
30014
33915
33867
33823
33195
33221
29119
29071
12514
18183
17976
17975
18067
18078
12462
12497
58816
58797
58330
58804
17057
58786
13967
58765
58759
41686
58778
58750
58727
58762
11679
58133
58697
58724
58702
57944
58720
11757
57927
58661
58625
28010
56199
58028
51790
53349
53295
51512
53297
46357
46638
46627
46577
42556
42331
42468
38348
3679
33693
33669
33493
32992
33291
24322
18157
21036
12005
12388
12356
58637
12627
58575
43186
58607
58601
58441
58589
58585
58588
58584
58586
57879
58574
14856
58576
58303
58553
58574
58572
58571
58487
10525
58566
20929
58566
58529
58564
58560
58559
58493
53248
53126
53214
53121
48414
49347
38114
46456
10958
46407
8929
8990
42362
42310
38427
38299
33372
38388
31536
33213
33449
33426
33445
33350
27607
20581
20592
20305
20864
20368
18358
20757
15946
17837
17868
12302
10904
58492
58483
51180
58472
58455
15895
11393
15494
15984
16007
58115
16153
16187
16251
15724
16210
57348
57879
58433
58446
16291
16342
16258
16349
16378
16413
58440
58434
26802
12674
57985
16473
16441
16444
46216
58409
16423
58413
58401
58387
57461
58381
58306
58366
58365
58265
58360
12291
58347
58235
58262
58332
31926
58206
44379
46041
46196
44727
46241
46231
38292
38138
28766
28671
28621
24053
14923
12086
1256
149
57677
58145
58235
58246
58243
3542
58240
58239
58232
58199
58206
58204
58075
58201
58126
58189
13629
58174
58178
58176
58161
58159
58157
57982
58146
58128
58133
58103
51862
52650
17179
47162
57466
58101
57694
52576
57962
58085
56773
58079
29061
58071
58057
58058
57934
58047
58042
15384
57774
58034
9743
6352
49407
51570
52999
53003
16174
46103
29820
42207
42182
42141
41815
42118
4921
37939
38041
38008
28425
28388
28521
17667
14214
17611
17583
17618
17652
17252
4692
57944
57701
57946
57729
57940
57770
57925
57909
57699
57910
57700
57904
55340
57872
57708
57718
52576
49785
49775
49109
49768
49745
49073
42130
37891
37958
37913
37662
37888
37561
30477
28512
28495
28395
23869
17448
17440
14457
12048
12043
52761
52705
52918
48787
49629
49598
49624
49605
49595
49583
49375
49497
49498
44555
45917
45951
27493
41958
39423
28779
32912
32917
28092
27561
27663
11984
11764
57698
57571
57689
57687
57674
57650
57679
57680
57670
57662
57656
57663
10001
57629
57642
10001
15222
49489
57634
51899
57530
57559
57624
21533
16518
16600
16403
16667
16476
16621
16632
16736
16696
16529
16260
16689
16769
13580
16783
52382
16903
16163
16913
16794
16926
57547
15401
17047
43687
16037
57564
16902
16191
57566
57574
17152
57584
17132
17176
17178
17000
14087
17051
42923
10001
46895
52869
52855
52491
52810
52779
49489
49387
45522
45895
45904
43841
45689
45821
45781
45582
41791
20103
31984
27861
28088
20208
18565
17351
17199
11648
11079
11826
11844
57514
57540
57541
14794
57531
46809
57495
57485
57465
57464
57458
11372
50529
57400
57372
57384
57415
57423
57424
57436
57124
57414
52469
49825
52612
52601
47682
52576
52565
52555
41709
41692
41699
41662
41659
41648
41640
41386
11441
41450
41563
32042
32144
32364
20187
20189
20120
20202
20105
15122
14391
9555
461
11365
57337
57313
57300
56669
57254
57234
57106
44188
57211
57265
15740
57259
57253
57245
57250
51150
57233
57244
57222
56305
57223
57208
57208
14409
57209
12168
57195
57075
52285
52481
49347
47075
49323
49263
11486
40101
31147
32295
32197
31931
23501
23490
23486
14141
14329
14300
14154
14312
10789
35792
57077
26341
14554
9646
52114
48930
57077
57066
57069
57053
56990
57026
45489
57018
43699
56959
57012
56738
56902
57001
56783
56918
56928
27783
49226
49216
49153
45428
45355
38462
35937
37127
27680
27836
27763
23277
23309
11510
56864
56882
56869
56879
22387
56834
56826
56819
56816
14874
56811
56799
56801
56806
56676
56699
51467
56674
56728
56690
52279
52291
52350
52343
52341
52324
49131
49084
49105
49075
48994
49029
47162
8583
45282
41360
34687
36053
27684
27576
16985
16983
16875
16886
14079
56511
56519
56562
56601
56667
51710
35259
52180
52214
51502
48427
48962
48970
48758
48854
5987
41296
41276
36717
29817
31856
31868
31839
27408
27207
20043
16862
16824
16709
13659
14024
13788
13769
11456
11449
49136
52160
52139
51712
52068
52058
52095
49751
47811
48415
48759
39429
48743
48723
45103
43803
40311
40986
31744
25235
31695
31685
27285
31673
26642
19989
19949
16715
16656
13846
13893
13843
11685
49110
56389
56329
52002
20341
51917
48627
48597
45002
44991
44984
44967
44081
44915
44706
44610
40961
40949
40915
40833
40868
31222
31570
25970
11248
27114
27001
22507
22874
22865
19364
19849
16607
16602
16567
11325
11304
51860
55274
56183
56175
56159
13175
53346
56125
149
52773
51876
51878
50053
51692
51853
51780
51759
51808
36484
35634
36408
3030
32556
31398
31392
31382
26834
21419
19793
19777
19594
19748
19723
14082
13391
11162
11152
11040
2284
56090
51673
55892
51467
51421
56028
53306
8940
53306
53306
51795
13133
52456
51642
51697
51677
51718
47836
47926
31073
40519
36384
36272
28933
31183
31180
30780
31086
31074
30994
31057
19665
18063
18125
19523
18202
12846
16469
13713
13383
13671
13675
5622
55881
44413
11380
11768
15733
32751
15417
15417
53058
53316
10476
15417
15453
15190
15188
15339
15039
15095
15344
15386
13873
15336
14652
15480
15453
15322
15566
15559
15609
15546
15663
15702
15735
15760
15719
15750
15761
15737
15241
15730
15528
15841
15820
15706
44780
44459
48435
48410
48403
44313
48368
48342
48345
44545
44520
44400
44317
44480
44467
44474
44463
43669
44429
43454
36122
36119
36027
22522
13612
9097
6730
49226
9071
55467
11481
52169
47162
11351
55628
41259
55500
10783
55648
11380
44780
21101
40176
51218
47246
13324
35221
55541
15992
27222
12074
5031
51612
51553
50848
48262
47401
44244
44284
44267
44281
44323
22345
35943
21926
26068
26107
26357
22387
12917
400
55477
55473
55340
48044
33855
51427
45764
47963
35454
35572
35674
30741
29819
30731
30712
30484
16166
26383
19369
19254
19304
19337
19311
16149
16147
16096
12952
13432
13379
13385
10833
5661
2739
18683
51014
51302
41311
47844
47724
47157
44206
44098
44151
35276
43639
44142
43931
44036
40190
40180
4199
15454
30531
30551
30542
19267
13313
9214
5596
55181
45109
44459
11049
55196
51312
15701
42635
51243
51217
51202
51183
47681
39831
39974
39335
30353
21263
19088
19098
15864
13945
12721
53429
19696
824
51073
51019
51032
51028
43902
43873
43817
39792
39634
35370
35247
35353
25623
22030
21745
9572
19005
18839
18971
10654
5265
25886
13021
52227
28479
54891
54891
46907
54891
49667
49667
49667
30008
50938
50853
21901
43248
7557
43697
43712
43619
39842
43722
43689
43287
43682
39526
39593
30199
33552
29993
29942
29795
18445
18695
18856
18826
13018
13106
12971
51406
5031
49897
46231
9642
29119
54646
14549
14645
14693
14791
14794
14644
14856
14811
14859
14910
14924
13629
14460
14888
14510
15128
15142
47526
43603
43546
43485
27357
25536
25301
25545
25521
15768
15649
15701
10883
52395
18052
39772
50476
48002
32546
26216
36165
12063
46497
44002
52105
15122
50848
50802
47379
47411
45912
47355
42995
42166
38980
34676
34686
34692
15185
25469
25427
25412
143
19669
21594
21631
15646
15600
12951
12040
12908
42935
50748
50743
50725
50691
50311
50654
48826
50659
37470
34611
34577
34557
34535
34501
34437
29624
25186
18525
18604
13364
12858
12715
10364
10359
10332
45891
41827
41961
50432
50368
50533
50505
47128
47057
47125
47071
43197
42674
42564
39182
39159
39168
29551
29571
29542
28588
29380
1095
24984
24964
18536
15381
10165
13393
9016
38924
31201
53287
15992
13396
13396
52775
50822
49574
10100
53884
50407
50375
49721
42871
42686
42071
42806
42592
42650
42714
42724
38982
38636
38910
38647
38848
29416
28260
29402
29399
29296
29372
24203
24756
24820
24815
17598
21347
17231
18348
17935
18349
15143
15271
53296
51150
50307
50316
50278
50279
12602
49900
50244
50194
50187
29269
29230
29254
29255
29251
29191
28838
27167
29197
20861
21298
18105
18244
17996
10501
12624
10100
49489
41886
13688
49931
53739
52456
41003
10027
9996
50871
10785
47926
52898
15811
6352
13663
12876
49371
13990
13985
13915
13975
13245
13966
13967
13921
13402
13736
12971
14005
51835
14071
14049
14072
52871
13392
14121
13321
14203
14212
14055
14189
14318
14288
14345
14325
14409
14429
50005
50062
50054
50027
50088
50065
46854
46688
38369
33195
33221
29071
18183
12514
17976
17975
18067
18078
18131
12462
12497
52943
52709
13631
31180
37235
42090
49351
53429
28315
51790
53349
52443
53268
53268
46456
39423
53286
53295
51512
53297
46357
46577
46532
42556
42466
4865
42331
42468
38348
3679
33693
33669
33493
33291
20992
24322
18157
21036
12005
12388
12356
10817
53239
53248
51951
53268
53133
53121
53126
53170
53191
53195
53198
53214
48414
49347
38114
10958
46407
41508
42362
42310
38427
38471
38299
33372
38297
38388
31536
33213
33449
33445
33426
33350
27607
20864
20581
20592
18358
20305
20929
20368
20757
15946
17837
16043
17868
12131
12302
10904
44379
46041
46196
46241
38292
38138
28766
28671
28621
27195
24053
14923
12086
1256
49884
52419
53103
53096
53090
51685
53087
49731
53084
3030
45729
53004
53064
53013
53067
51570
49407
53059
52753
53047
52999
53003
16174
46103
29820
42218
42207
42182
41815
42141
42118
4921
35869
37939
38041
38008
28425
28388
28521
28323
17667
17611
14214
17618
17583
4692
49785
49775
49109
49768
49745
49073
42130
28877
37891
37958
37913
37888
37662
37813
37567
37561
28512
28495
28501
28498
28395
23869
17552
17440
17448
14711
14457
12048
12043
52906
52949
52420
8396
50722
52761
52944
52931
52937
36523
52929
47466
47466
52705
52919
52918
48787
49629
49598
49624
49605
49595
49583
49375
49497
49498
44555
45917
45951
27493
40549
41958
32917
32912
28779
27561
28092
27663
27318
11984
11764
52516
52869
52846
52867
45790
52861
52855
26372
52724
52059
52764
52837
52838
52836
45446
49150
52491
51491
51491
18864
52819
52810
52758
51309
13292
52789
13299
13304
13302
13390
12706
13393
13419
52788
13512
13104
52779
52571
52773
52769
11476
13049
13504
13572
13665
13681
13708
13527
13688
13377
49489
49387
45522
45895
45689
45873
45821
45582
45781
41848
41791
20103
3542
32716
28081
27879
27861
18565
17351
17199
17169
11648
11079
11844
11826
52669
52666
52659
48890
52652
52540
52469
49825
50672
44207
52626
49306
52612
52610
52601
52597
38222
52594
12055
52409
47682
52578
52576
52565
51198
41311
52555
44922
52371
41709
41692
41699
41662
41659
41648
41640
41386
11441
41450
41563
32364
20187
20120
20189
20105
14391
9555
461
52451
52503
52285
52472
52461
52395
52427
52481
49347
47075
49323
48293
49263
41499
40101
31147
32295
32197
31931
23501
23490
23486
17179
17051
14141
14329
14154
14312
14300
10789
27783
49226
49216
49153
45355
38462
35937
37127
27680
27836
27763
23327
23277
23309
16960
11510
52219
52369
51362
52361
52191
52279
43454
45266
45266
45266
52350
52291
52343
52341
52331
52336
52202
9517
52324
49131
49084
49105
49075
49029
48994
47162
45266
45213
45282
41420
41360
41038
34687
36053
27684
27333
27634
27365
27619
27576
23249
16985
16983
16875
16651
16886
14079
51254
51781
52275
52274
47571
52245
45892
52250
52251
51994
52123
51271
52233
51710
52194
35259
52223
51703
52214
52180
52191
51502
35276
48427
48962
48970
48930
48758
48854
5987
41296
41276
36717
29817
27408
27318
27207
27366
20043
16862
16824
16709
13659
14024
13788
13769
13803
11456
11449
52099
49136
52162
52160
37465
52132
52139
52137
52138
52127
36384
51712
52090
51867
52114
52104
52058
52068
52095
49751
9167
51895
44480
52087
47811
48415
48759
48696
39429
48743
48723
40462
40311
40489
40986
25235
31695
31685
27285
31673
26887
26642
19989
19949
16715
16656
13846
13893
9320
52034
45109
52034
13044
52019
52027
50717
52013
52017
51229
52002
20341
39344
51885
51973
51982
51917
12584
51967
12853
12816
12868
12933
13032
12591
13008
12996
13099
13096
13133
13191
13192
26303
48627
48597
44991
44984
44958
44968
44610
44617
40961
26341
40949
40915
40833
40868
31222
31570
31314
11248
27114
27054
27001
22507
22874
22865
19364
19849
16607
16602
16567
11325
11304
51900
51899
51891
51054
51889
51876
21926
51880
51878
51877
50053
12304
51860
51692
51853
51822
20208
51834
51759
51780
50890
51311
51633
51808
51803
51720
51737
51751
51499
46613
36484
35634
36408
32556
31386
26834
21419
19793
19777
19594
19748
19723
14082
13391
11162
11152
11040
2284
51642
51697
51677
51707
51718
47836
31073
40530
40519
36272
28933
31086
31074
30994
16469
12846
48435
48412
48410
48403
44313
48368
48342
48345
44545
44520
44400
44317
44467
44474
44463
43669
44429
36122
36119
35517
36027
22846
22522
13612
9097
6730
51623
51612
51614
26064
51609
49348
51527
51447
51553
50848
48262
48224
47401
44244
44267
44284
44281
44323
22345
35943
26107
26068
26357
26482
22387
12917
400
51491
51495
12245
51479
49421
45996
51191
51467
48044
33855
51459
41444
51421
51450
40176
51443
51427
45764
47963
40257
35454
35572
30741
29819
30712
16166
25987
26310
25139
19369
19304
19337
19311
16147
16149
16096
13432
12952
13324
13379
13385
10833
5661
2739
51382
51378
51366
48200
51350
51349
18683
51341
51325
47246
51334
50771
51327
42957
51260
51014
51302
51298
51122
51122
46504
51293
51257
47844
47724
47157
44206
44151
43639
44142
44036
43931
44112
40190
40180
15454
30551
30531
19267
13313
9214
5596
51254
46474
51225
51243
50269
51222
51218
51180
12236
51214
49667
12181
12168
11808
12203
12009
12184
12074
11394
12287
12246
12245
12255
11812
11372
12405
12369
12389
10259
12402
51171
10631
12376
51202
12461
12454
12494
12458
12599
12567
12582
10633
12627
12236
12604
12291
12641
12662
51183
47681
39831
39638
39335
30353
21263
21216
19098
19088
15969
15864
51132
12721
50162
43682
50374
51073
51073
824
51073
9261
50746
50497
51051
51040
51036
51028
51032
43902
43873
43817
39792
39781
39705
39634
35370
35353
35247
35221
30063
25675
25623
22030
21745
9572
19005
18971
10654
10647
5265
50853
50938
21901
43248
43697
43722
43712
39842
43689
43287
39526
39593
30199
31689
33552
30008
29942
29795
18445
18695
18856
18642
18826
15179
13018
13106
13085
47526
47466
43596
43546
27357
34904
25605
25536
25301
25545
25521
25517
25429
15768
15649
15701
49149
50848
50850
50846
15856
50345
47504
50776
50834
50802
6016
50821
2739
46261
10885
10991
50788
47379
47411
45912
47355
42995
42166
38980
34676
34686
34692
15185
25469
25427
25412
20946
143
19669
21631
21594
15646
15600
12951
12040
12908
50763
50758
9403
50748
50743
50450
42871
50719
41755
50682
50503
50630
50691
50679
50311
50427
50628
50680
50654
50685
12039
48826
41686
9076
50659
46456
39254
37470
34610
34611
34577
34216
34557
34535
34437
34501
25270
25254
25192
25186
18525
18604
13364
12858
12715
10364
10359
10332
48297
50622
50621
50343
50617
50612
46497
41208
50320
42183
50577
50576
50579
50581
50125
42466
45891
50571
50570
50569
50566
50567
37913
41961
50432
50558
50552
50507
42564
8894
50368
20136
50505
47166
50533
50529
50476
47128
47057
47125
47106
47071
43197
42674
39182
39159
39168
29571
1095
24984
25050
24672
24964
18536
15381
10165
45641
50464
49727
50458
50430
24798
11526
11632
11630
11663
11685
11743
11797
11814
11814
11814
11860
11843
11845
11988
11935
11967
11951
10708
11952
11938
12055
12017
36922
50407
50234
45871
24053
50375
50382
49721
42686
42071
42806
42592
42724
42714
42650
42935
42635
24878
38982
38636
38910
38848
29416
29402
29399
24203
24892
24756
24820
24663
24723
24815
17598
21347
17231
18348
18349
15143
15271
45109
50307
50330
21901
50316
50314
43988
50121
43107
13803
50278
50279
25065
47261
50267
12602
50259
10904
49950
27783
49913
14780
49900
20992
46476
21276
41228
50244
50241
50210
50238
18445
50156
50187
50194
50234
48978
36775
34158
29269
29230
29251
29254
29191
27167
29197
20861
21298
18315
18105
18244
17996
10501
12624
10100
50097
50125
50005
50027
50054
50062
50065
50083
50088
46895
46854
46777
46688
38369
33195
33221
29119
29071
29007
24520
24476
18183
12514
17976
18067
18078
18131
17975
12462
12497
10027
9996
46357
46577
46532
42556
42539
42331
42468
38575
37645
38348
38533
3679
38452
33693
33685
33669
33493
33291
23349
24322
18157
21036
12005
12388
10817
12356
35450
49356
49921
49931
49931
39423
49915
49822
17485
48414
49931
49347
38114
46456
10958
46407
42362
38471
38457
38427
38299
33372
38297
38388
16736
31536
33213
33449
33445
33426
33346
33350
27607
20581
20305
20929
20368
18358
20864
20592
20757
15946
17837
16043
17868
12131
12302
9881
49913
49897
44379
46041
46196
46241
46231
38292
38138
28766
28671
28621
24112
24092
14923
12086
9704
9795
1256
16174
49880
49876
48977
49847
49857
49852
49823
49834
49831
49830
49822
46103
29820
40279
42207
42182
42141
41815
42118
4921
37939
38041
38008
28425
28388
28521
17667
17611
14214
17652
17583
14173
17618
9762
9743
9700
4692
49787
49785
49621
49780
49775
49605
49109
49768
25490
49754
49752
49753
11155
11380
49745
11045
10933
47385
10936
10990
11012
10883
49743
49741
11049
49739
11108
10885
11013
11126
11126
11202
11230
10991
11320
11324
11308
11256
11289
41049
11100
11380
11155
11412
9469
7582
46744
49073
49727
42130
28877
42090
37891
37958
37888
37813
37662
37566
37567
37561
28512
28495
28498
28395
23869
17440
17448
14711
14693
14457
12048
12043
49665
49651
48787
46054
49629
9541
49598
49624
49617
45837
49571
49608
49605
49595
49587
49497
49346
49574
49540
46151
49498
49393
39559
28250
49361
49565
46936
46032
44555
45917
45951
27493
41958
32917
28779
32912
32874
28092
27561
27663
11984
11764
9652
9616
9665
49368
49387
49450
49510
49489
45522
45895
45689
45821
45781
45582
41791
20103
3542
32716
27861
23478
18565
17169
17351
17199
11648
11079
11844
11826
41709
41692
41699
41662
41659
41648
41640
41386
11441
41450
41563
37476
25674
32364
20120
20189
20105
15122
14391
9555
461
49347
49351
41001
8664
49334
47075
49323
48293
49256
49263
41499
40101
37338
31147
32295
32197
32173
31931
23501
23490
23486
17179
17165
14141
14329
14154
14312
14300
10789
9478
49226
49235
44825
49216
47679
49209
25469
30578
41352
49076
49070
41847
49188
49153
49176
49145
45391
45355
38462
34403
35937
35779
37127
36957
27680
27836
27763
23327
23277
23309
16960
11510
49150
49116
49124
49135
48996
49131
46006
49120
49084
49105
10958
47781
41831
49075
48236
49092
49085
41296
49074
49073
49055
49029
49029
49029
48994
45266
45213
45282
41360
34687
36857
36053
35527
36724
27684
27619
27576
23249
16983
16985
16875
14131
14079
9454
9436
9106
48978
48427
48962
48970
48963
48968
48961
10802
48957
48952
47771
47559
10294
48940
48938
48936
9313
10539
48932
9497
10529
10525
10594
10601
10667
10645
48930
9534
10785
48922
9826
9824
44780
10817
31382
48758
44181
15563
48854
48696
5987
41276
41234
36594
36717
35695
29817
31839
26524
27408
27413
27207
20100
20043
16862
16824
16709
13659
13834
14024
13769
13788
13931
11456
11449
9340
9386
9360
46924
48827
43944
40961
48807
48813
25412
48415
48038
48785
48782
48776
48765
48759
48561
37556
48747
48743
48191
48697
44676
48507
48386
48722
48723
48683
41049
40311
40986
25235
31695
31685
27285
31673
26642
19989
19949
16715
16656
13893
13843
9320
9304
9264
48623
48627
48597
48636
48651
48652
48580
48567
44991
44984
44958
44968
44842
44617
44706
44610
26341
40949
40915
40833
40868
31222
31570
31314
30961
11248
27114
27001
22507
22874
22865
19849
16607
16602
16567
11325
11304
47836
46613
40733
36484
35634
36408
3030
32556
31386
26834
21419
19793
19777
19594
19748
19723
14082
13391
11220
11162
11152
11040
2284
6856
47836
48503
48534
47811
46363
47161
46463
47297
47926
48261
48507
9164
48456
48498
40286
31073
40530
40519
36384
36303
36272
28933
31180
30780
31074
31086
30994
18063
19665
18125
19523
18202
12846
16469
13713
12857
13383
13671
13675
5622
48266
48345
48334
44545
44520
44400
44317
44480
44467
44474
44463
43669
44429
43454
36122
36119
35517
27846
35883
36027
22522
13612
9097
6730
48262
48252
9478
48232
48233
48224
48210
48199
48137
48191
10047
48048
29187
29187
29187
48124
45995
47401
44267
44244
44284
44281
44323
22345
35943
35974
26068
26107
26357
22387
12917
12422
400
41103
45764
44207
10861
48044
48045
40115
40115
48032
9983
48013
10119
10185
10203
43339
10188
10266
10352
48004
48000
47910
47995
47622
40276
47906
41802
47963
35423
35454
35436
35674
35572
30741
29819
30712
16166
19254
19369
19304
19337
19311
16147
16149
15992
16096
13432
12952
13324
13379
13385
10861
5661
39328
24836
11051
26091
46722
41311
47864
44552
47556
47847
47844
47849
47765
47841
47765
47833
47724
47822
34703
47794
47803
31722
47157
44206
44151
35276
43639
43931
44142
44036
44112
40180
4199
15454
30531
30551
13328
13313
9214
5596
47752
47746
47748
47747
47681
47726
47743
39831
39974
39335
30353
21263
19098
19088
15864
43902
43873
43817
37586
39792
39634
35370
35373
35247
35353
35221
25623
22030
21745
19005
18971
10654
10647
5265
47645
47647
47640
47634
16096
47635
46173
47632
47631
47245
47170
25254
47605
43248
43107
43747
43697
43712
39842
43722
43689
43287
43682
39526
39593
30199
31689
33552
29430
30008
29942
29795
18695
18856
18765
18642
18826
13018
13106
13085
46821
47546
47544
47013
47257
47538
47531
47526
47423
47512
47466
46595
47497
28682
45125
47494
25521
43603
43546
27357
34904
25536
25301
25545
25490
21779
15768
15649
15701
12999
47379
3825
47434
47430
7693
7693
47411
47408
18604
47402
47388
47385
46238
39451
45912
47355
47363
42995
42166
38980
34131
34676
34692
34686
15185
25427
143
19669
21631
21594
15646
15600
12951
12040
47334
45982
47312
47305
47303
47298
42797
47273
46209
45095
47155
47162
47255
46456
37470
34611
34610
34577
34216
34557
34535
34520
34495
34501
34437
25186
18525
13364
12858
12715
12721
12584
10364
10359
10332
47138
42935
46628
47095
41131
47081
47181
47166
42071
47165
35700
36146
36146
36146
47149
46949
47145
47143
31558
47136
47137
38579
47135
47131
42686
47057
47128
47129
47125
47106
9851
35700
46937
47071
40406
46315
43197
42674
42564
39182
39159
39168
29571
1095
24984
24964
18536
15381
10165
9651
9646
9633
9699
9669
9755
9733
9777
9807
9805
9803
9826
9800
9832
9875
9853
9869
9900
9851
43019
42871
42806
42965
42592
42635
42650
42714
42724
38982
38636
38910
38569
38848
24858
29416
29402
29399
24203
24756
24820
24815
17598
21347
18348
17231
18349
15143
15271
35769
36775
34158
34048
29269
29230
29251
29254
29191
27167
29197
20861
21298
18315
18244
18105
17996
10501
12602
12624
10100
46895
46896
46590
46885
9253
9256
9300
9239
7187
9399
9402
9261
9382
9389
9370
9452
9438
9473
9493
9570
9480
46756
46871
44816
46787
11705
46859
46804
46854
39746
46809
46822
46497
46838
30014
12599
12474
10027
9996
46787
41697
46777
46773
9652
44997
46758
46724
46728
27222
46710
46613
46688
29817
7566
46190
38369
41797
33999
30014
33915
33867
33195
33221
29119
29071
29007
24520
21152
21141
18183
12514
17975
18067
17976
18078
18131
12501
12462
12497
46357
18925
46459
46638
46638
46638
46134
46631
46606
46627
46580
46598
46592
46086
46589
7214
46571
46519
45687
46577
46110
46565
17079
46532
46553
42556
42466
42331
42468
38348
3679
33693
33685
33493
33291
20980
20992
24363
24322
18157
20662
21054
21050
21036
12005
12388
12405
12356
46507
38114
46493
46476
46467
46466
46418
17837
44452
46456
10958
10958
46418
46005
45572
41686
46422
46407
46393
8893
8891
8894
8931
8929
8974
9055
9017
8944
8990
9109
9039
9164
9163
9123
9167
42362
42310
38427
38471
38299
33372
38297
38388
31536
33213
33449
33445
33426
33346
33350
33317
27607
20842
20579
20305
20864
20368
20592
18358
20248
20581
18171
20488
20362
20929
20757
15946
16043
17868
12131
12302
11394
10904
9881
46315
44379
46312
46294
46041
46255
46256
46100
43049
46196
46248
44727
46164
46241
46231
41640
46211
38292
38235
38138
28766
28671
28621
24053
24092
14923
12086
9795
9704
1256
149
46062
46092
46157
46103
45338
29820
40279
42207
42182
41815
42141
42118
4921
35869
37939
38041
38008
28425
28388
28521
17667
14214
17611
17618
17652
17583
17252
14478
9762
9743
9700
4692
42130
28877
42090
37958
37891
37913
37813
37888
37662
37561
37567
33070
28512
28495
28498
28395
23869
21533
17440
17448
14711
14457
12048
12055
12043
45418
46037
46032
44555
39498
45360
46018
46011
45837
45998
45917
45996
45951
45915
45109
23478
45969
27493
41992
41958
39423
32917
28779
32912
32874
27561
28092
27663
11984
11764
9616
9665
45925
45522
45892
45895
45895
45895
45904
43841
45893
41500
45686
45730
45689
44922
45887
45733
45489
41736
45868
45871
45468
45799
37608
41620
40101
41530
45821
44438
45582
45714
45780
45781
41791
20103
3542
32716
31984
28088
27861
18565
17169
17199
17351
11883
11648
11826
11079
11844
41709
41699
41692
41662
41659
41648
41386
11441
41450
41563
25674
32435
32364
20202
20189
20120
20105
15122
14391
9555
11747
461
41499
37413
31147
32295
31926
32197
32173
31931
23501
23486
23418
17179
17170
17165
14141
14329
14154
14312
14300
11486
11685
11686
10789
45475
36810
44730
45446
45056
45151
44668
45428
45431
45232
45276
22345
35943
35792
26068
26107
26357
22387
12917
12422
5031
35423
35454
35692
35572
35674
30741
29819
30712
26383
19254
19369
19304
19337
19311
16147
16149
16096
15992
13432
12952
13324
13385
13379
10861
10833
5661
2739
44086
44220
43988
13229
13229
13229
44206
44207
44205
44021
44198
41917
44181
42923
44098
44173
44189
44181
32751
44151
43969
44181
43958
43944
35276
43050
44175
43780
43639
42150
43931
43972
44007
44036
44056
44100
44112
44114
44142
40180
40176
38828
4199
15454
30531
30551
30542
19267
13229
13313
9214
5596
42888
39831
39335
30353
21263
21216
19088
19098
15864
43913
43747
43915
43901
43901
43909
43875
43901
43902
43869
43896
43156
42930
34704
43873
43867
43818
43862
43851
43851
43817
43824
43851
43747
37586
39792
39634
39674
35370
35247
35353
35221
30063
25623
22030
21745
9572
19005
18839
18971
10654
10647
5265
43728
43248
41748
27222
43775
43107
7557
43747
33289
43512
43512
43676
43697
43430
43619
43614
43712
34293
43722
39842
40678
41678
43706
7652
7693
43512
43696
43689
31217
43287
43682
43488
41438
43412
39526
39593
30199
31689
33552
29430
30008
29942
29795
18445
18695
18856
18642
18685
18765
18826
13018
13106
13085
43603
43596
43244
43577
43570
20994
43546
43549
43542
43531
43357
43271
43308
43501
41394
43485
43487
41917
27357
34904
25536
25301
25545
25490
25521
15768
15649
15701
