48236
5622
5984
8932
8945
8952
8972
9018
9030
9036
9041
9045
9097
9134
9165
9178
9180
9214
9239
9253
9256
9264
9276
9288
9382
9408
9425
9436
9448
9449
9451
9452
9455
9460
9480
9483
9509
9536
9540
9542
9570
9642
9646
9647
9648
9649
9652
9669
9704
9705
9742
9743
9755
9787
9791
9803
9807
9851
9861
9895
9896
9996
10041
10045
10051
10058
10061
10065
10067
10119
10133
10153
10221
10239
10259
10266
10312
10335
10348
10349
10352
10362
10377
10428
10476
10497
10501
10525
10565
10586
10602
10631
10647
10669
10670
10684
10685
10688
10706
10708
10763
10776
10785
10802
10817
10821
10826
10861
10904
10931
10936
10981
10990
11006
11045
11053
11055
11056
11057
11058
11060
11061
11099
11134
11174
11217
11230
11265
11310
11319
11320
11351
11374
11380
11386
11393
11397
11415
11445
11448
11449
11476
11526
11623
11630
11665
11685
11697
11701
11702
11748
11753
11768
11773
11775
11808
11814
11845
11881
11942
11951
11967
11969
12005
12009
12037
12040
12045
12066
12074
12092
12136
12168
12181
12184
12194
12198
12200
12236
12248
12276
12284
12287
12299
12307
12321
12336
12369
12445
12448
12461
12494
12495
12497
12501
12502
12586
12591
12651
12715
12816
12824
12832
12868
12894
12952
12960
13029
13047
13049
13085
13099
13185
13271
13302
13304
13310
13313
13344
13368
13372
13376
13377
13379
13396
13409
13412
13413
13433
13434
13436
13437
13439
13449
13450
13529
13545
13593
13612
13628
13629
13633
13681
13704
13749
13776
13800
13803
13806
13857
13873
13889
13948
13955
13959
13966
13967
13971
13972
13973
13979
13983
13985
14048
14053
14061
14072
14078
14087
14109
14131
14151
14156
14173
14205
14241
14244
14271
14304
14316
14318
14325
14327
14345
14419
14420
14425
14429
14459
14460
14462
14510
14549
14554
14577
14618
14629
14640
14642
14644
14645
14651
14656
14693
14778
14781
14811
14816
14834
14843
14846
14847
14910
14923
14924
14944
14955
14963
14964
15000
15027
15070
15072
15119
15128
15190
15193
15196
15203
15229
15327
15344
15372
15387
15391
15449
15453
15456
15457
15514
15588
15609
15617
15627
15633
15634
15640
15644
15663
15698
15701
15703
15707
15719
15720
15728
15737
15744
15745
15761
15782
15799
15805
15856
15924
15965
16009
16021
16029
16050
16081
16082
16160
16161
16177
16178
16187
16233
16253
16260
16325
16349
16374
16375
16378
16460
16469
16470
16476
16482
16483
16487
16529
16600
16607
16613
16651
16666
16703
16706
16736
16739
16741
16769
16775
16786
16804
16805
16806
16809
16813
16817
16842
16850
16865
16886
16902
16903
16947
16967
16999
17000
17015
17044
33469
17086
17088
17089
17098
17099
17101
17106
17128
17170
17186
17223
17249
17252
17257
17305
17356
17365
17367
17387
17399
17405
17408
17442
17465
17469
17490
17504
17532
17580
17619
17630
17636
17652
17689
17698
17720
17781
17791
17801
17803
17815
17816
17819
17888
17896
17935
17948
17950
17985
18008
18014
18016
18081
18084
18098
18111
18145
18148
18157
18171
18173
18185
18190
18259
18267
18285
18289
18311
18341
18358
18365
18383
18389
18409
18429
18480
18498
18518
18536
18538
18559
18603
18604
18611
18615
18616
18618
18619
18629
18630
18633
18635
18642
18679
18742
18820
18833
18836
18866
18869
18888
18895
18928
18929
18961
18962
18972
18986
18991
19036
19050
19054
19077
19092
19094
19098
19197
19199
19204
19238
19251
19279
19280
19298
19304
19315
19341
19355
19359
19360
19425
19453
19457
19469
19487
19510
19512
19576
19577
19587
19591
19597
19600
19602
19612
19620
19623
19626
19628
19629
19678
19679
19697
19723
19753
19793
19806
19809
19840
19878
19890
19914
20019
20021
20069
20072
20079
20097
20098
20108
20114
20136
20141
20157
20167
20187
20200
20201
20203
20205
20223
20259
20301
20305
20319
20333
20342
20352
20389
20400
20411
20413
20426
20487
20521
20533
20889
20541
20560
20570
20585
20588
20615
20628
20640
20647
20705
20748
20760
20858
20859
20870
20872
20896
20906
20910
20913
20955
20980
20998
20999
21001
21007
21012
21017
21035
21039
21054
21055
21058
21063
21069
21070
21102
21141
21147
21204
21235
21236
21237
21249
21262
21274
21276
21278
21281
21306
21363
21366
21367
21375
21455
21492
21523
21561
21576
21643
21662
21666
21713
21734
21779
21799
21822
21837
21840
21845
21885
21892
21896
21942
21946
21964
22018
22021
22030
22050
22112
23338
22147
22161
22215
22220
22231
22263
22332
22369
22383
22384
22387
22389
22411
22423
22429
22449
22462
22472
22476
22487
22491
22522
22556
22558
22559
22573
22582
22583
22584
22585
22625
22651
22666
22668
22673
22718
22719
22726
22786
22798
22846
22861
22865
22869
22907
22909
22936
22945
22958
23013
23018
23088
23115
23158
23170
23173
23206
23222
23249
23266
23270
23309
23327
23332
23336
23342
23349
23398
23410
23413
23415
23416
23433
23461
23481
23498
23500
23502
23511
23524
23581
23583
23598
23602
23606
23630
23636
23637
23667
23698
23700
23703
23715
23723
23727
23733
23736
23745
23807
23822
23867
23905
23912
23925
23930
23931
23932
23934
23935
23956
23959
23961
23970
24025
24034
24051
24092
24093
24097
24112
24158
24221
24268
24282
24286
24292
24303
24328
24349
24351
24355
24361
24362
24363
24365
24369
24376
24389
24392
24428
24449
24476
24532
24533
24537
24567
24568
24570
24608
24613
24634
24663
24672
24673
24715
24725
24737
24761
24771
24778
24788
24796
24798
24799
24801
24804
24805
24806
24816
24818
24828
24830
24831
24836
24839
24841
24842
24848
24852
24858
24860
24861
24863
24877
24878
24883
24887
24892
24895
24900
24903
24908
24913
24916
24926
24938
24942
24947
24950
24951
24952
24957
24958
24959
24961
24997
25006
25015
25021
25037
25043
25045
25048
25049
25055
25056
25057
25061
25066
25071
25085
25086
25098
25121
25150
25155
25159
25173
25184
25185
25186
25198
25201
25202
25206
25214
25215
25219
25223
25225
25228
25230
25231
25232
25237
25245
25247
25259
25264
25265
25266
25267
25270
25276
25292
25298
25299
25302
25310
25318
25319
25330
25352
25368
25388
25389
25402
25405
25408
25410
25412
25415
25417
25429
25432
25438
25440
25441
25442
25443
25444
25445
25446
25447
25458
25459
25460
25462
25463
25465
25488
25490
25513
25524
25534
25537
25555
25556
25561
25582
25583
25585
25605
25606
25608
25616
25623
25674
25675
25682
25716
25728
25747
25759
25778
25836
25876
25883
25897
25952
25965
25967
25970
25982
25992
25996
26016
26021
26064
26081
26092
26095
26102
26104
26108
26139
26140
26144
26154
26156
26168
26175
26186
26216
26220
26237
26244
26249
26269
26278
26282
26287
26292
26293
26298
26299
26303
26310
26313
26314
26315
26318
26326
26327
26328
26330
26334
26336
26341
26352
26368
26370
26372
26382
26383
26393
26395
26405
27648
26411
26414
26426
26428
26437
26450
26475
26482
26488
27689
26514
26524
26527
26558
26559
26571
26572
26584
26585
26589
26593
26639
80721
26652
26655
26660
26665
26669
26671
26673
26676
26685
26687
26708
26712
26716
26732
26738
26749
26756
26781
26793
26811
26813
26815
26819
26825
26888
26889
26895
26900
26902
26905
26907
26914
26915
26917
26929
26965
26969
26970
26975
26980
26983
26989
26992
28604
26995
27007
27015
27021
27031
27040
27042
27044
27054
27063
27066
27069
27071
27073
27074
27079
27083
27102
27109
27114
27116
27121
27133
27146
27157
27178
27180
27187
27190
27191
27201
27204
27206
27766
27210
27211
27220
27227
27230
27233
27236
27243
27246
27255
27257
27259
27261
27262
27267
27272
27282
27293
27300
27301
27302
27305
27312
27318
27319
27331
27360
27365
27366
27370
27379
27384
27388
27389
27391
27392
27397
27408
27413
27424
27434
27435
28220
27436
27437
27444
27446
27449
27450
27453
27454
27457
27460
27461
27464
27465
27474
27476
27496
27497
27526
27531
27534
27538
27540
27557
27558
27566
27567
27574
27579
27591
27595
27597
27598
27599
27600
27602
27607
27611
27613
27619
27626
27627
27631
27634
27635
27644
27650
27654
27655
27656
27658
27661
27662
27682
27684
27688
27701
27745
27748
27754
27756
27763
27768
27771
27779
27780
27789
27804
27805
27808
27820
27822
27840
27845
27847
27850
27851
27860
27868
27878
27879
27881
27882
27905
27947
27961
27966
27983
27986
27993
27998
28010
28027
28032
28035
28046
28049
28054
28081
28087
28091
28093
28100
28108
28109
28119
28127
28142
28147
28148
28149
28150
28151
28152
28153
28163
28165
28168
28171
28182
28196
28201
28216
28229
28233
28241
28242
28244
28260
28266
28269
28282
28284
28288
28290
28291
28292
28293
28315
28328
28332
28346
28347
28379
28385
28387
28388
28413
28439
28441
28443
28444
28446
28455
28474
28481
28486
28487
28495
28498
28503
28514
28515
28516
28517
28533
28536
28544
28546
28551
28553
28557
28561
28589
28613
28614
28620
28621
28623
28647
28654
28657
28659
28662
28666
28667
28669
28674
28675
28678
28688
28695
28697
28721
28736
28753
28754
28759
28765
28781
28784
28786
28793
28794
28804
28805
28814
28828
28832
28838
28868
28877
28886
28900
28931
28951
28970
28995
29007
29010
29011
29015
29018
29022
29023
29048
29061
29070
29093
29095
29115
29120
29122
29129
29130
29136
29139
29141
29145
29147
29151
29152
29160
29167
29187
29193
29201
29203
29213
29226
29228
29235
29238
29239
29243
29245
29254
29257
29258
29260
29261
29269
29270
29278
29279
29280
29288
29293
29298
29302
29310
29319
29321
29322
29327
29354
29360
29363
29372
29374
29385
29388
29411
29413
29418
29423
29431
29445
29453
29454
29473
29478
29491
29494
29496
29514
29520
29521
29525
29526
29531
29532
29533
29542
29551
29555
29561
29567
29572
29573
29575
29576
29578
29582
29589
29604
29624
29642
29689
29704
29723
29783
29794
29797
29800
29807
29818
29819
29880
29881
29882
29883
29889
29896
29900
29904
29907
29908
29911
29919
29927
29934
29938
29942
29947
29948
29949
29955
29957
29959
29965
29967
29968
29971
29993
30000
30004
30010
30012
30014
30015
30017
30018
30037
30038
30048
30049
30117
30146
30147
30149
30161
30183
30185
30189
31840
30200
30201
30213
30215
30229
30246
30255
30265
30277
30283
30291
30313
30315
30316
30322
30326
30325
30327
30350
30352
30364
30367
30373
30371
30380
30382
30383
30385
30416
30418
30430
30446
30451
30464
30465
30469
30470
30471
30484
30486
30494
30510
30512
30519
30522
30537
30554
30556
30559
30563
30568
30578
30579
30582
30592
30593
30599
30600
30601
30617
30648
30654
30696
30711
30715
30723
30724
30731
30740
30741
30747
30750
30756
30772
30811
30853
30868
30885
30897
30921
30922
30953
30961
30973
30984
31010
31020
31032
31047
31054
31064
31072
31080
31097
31103
31104
31105
31124
31133
31139
31162
31163
31166
31170
31181
31183
31189
31195
31201
31217
31233
31244
31252
31279
31287
31288
31292
31296
31299
31314
31319
31339
31363
31372
31374
31383
31386
31390
31397
31399
31411
31420
31421
31423
31427
31436
31445
31463
31476
31487
31489
31494
31502
31505
31509
31512
31513
31522
31523
31525
31526
31536
31545
31547
31548
31558
31561
31570
31594
31595
31597
31599
31603
31620
31642
31655
31673
31674
31685
31690
31697
31715
31716
31718
31719
31720
31722
31727
31741
31744
31752
31763
31764
31780
31783
31784
31786
31802
31818
31837
31839
31848
31856
31854
31858
31861
31864
31868
31870
31882
31885
31898
31902
31913
31920
31924
31926
31933
31948
31949
32002
32014
32047
32069
32076
32091
32092
32094
32097
32105
32121
32143
32173
32184
32189
32198
32213
32237
32244
32254
32257
32266
32279
32292
32295
32298
32307
32311
32330
32354
32364
32391
32398
32403
32413
32416
32421
32435
32437
32442
32444
32447
32452
32453
32456
32461
33692
32490
32498
32501
32502
32509
32510
32511
32513
32515
32518
32529
32546
32549
32560
32572
32598
32623
32624
32633
32643
32677
32704
32716
32727
32742
32744
32751
32752
32757
32759
32780
32793
32810
32817
32822
32825
32827
32843
32845
32859
32861
32874
32880
32881
32883
32884
32889
32893
32898
32900
32907
32910
32911
32930
32933
32937
32939
32963
32967
32992
33030
33075
33096
33098
33105
33117
33157
33160
33168
33173
33188
33191
33192
33241
33245
33269
33286
33289
33290
33317
33328
33335
33348
33371
33372
33381
33384
33391
33411
33425
33447
33451
33454
33459
33468
33472
33487
33489
33490
33494
33496
33505
33518
33519
33520
33521
33523
33529
33531
33536
33545
33570
33587
33603
33607
33608
33618
33628
33667
33685
33690
33699
33758
33769
33775
33801
33805
33823
33824
51040
33857
33860
33861
33866
33867
33873
33882
33894
33895
33900
33915
33926
33930
33973
33992
33999
34002
34006
34009
34017
34018
34022
34032
34035
34037
34038
34039
34072
34049
34052
34054
34057
34095
34117
34124
34158
34206
34211
34215
34216
34225
34237
34293
34297
34301
34309
34324
34328
34339
34363
34364
34389
34398
34403
34405
34435
34447
34486
34495
34506
34509
34510
34520
34527
34532
34540
34544
34552
34565
34567
34580
34585
34592
34594
34600
34644
34648
34665
34669
34670
34672
34676
34677
34680
34681
34687
34696
34698
34703
34704
34740
34745
34765
34769
34770
34771
34772
34773
34781
34826
34853
34860
34875
34880
34884
34890
34896
34904
34914
34915
34918
34921
34926
34927
34928
34929
34930
34931
34932
34933
34934
34935
34938
34945
34946
34950
34959
34963
34964
34975
34985
34999
35003
35017
35039
35050
35059
35060
35065
35069
35095
35100
35103
35114
35115
35131
35139
35158
35170
35179
35200
35202
35203
35205
35218
35225
35247
35259
35286
35297
35304
35305
35306
35308
35316
35317
35346
35347
35362
35370
35372
35396
35419
35423
35452
35470
35507
35508
35509
35514
35534
35569
35581
35584
35625
35639
35641
35645
35660
35662
35671
35692
35693
35696
35698
35700
35709
35710
35714
35735
35738
35748
35753
35761
35762
35763
35769
35773
35775
35776
35779
35784
35859
35867
35869
35880
35903
35905
35916
35917
35918
35919
35920
35922
35923
35926
35933
35935
35936
35953
35954
35965
35969
35974
35984
35986
35987
35992
35999
36001
36040
36066
36070
36076
36080
37374
36111
36126
36127
36146
36148
36155
36165
36167
36183
36233
36236
36279
36295
36298
36299
36308
36321
36325
36330
36337
36342
36346
36354
36356
36363
36377
36380
36381
36384
36396
36421
36423
36428
36469
36500
36508
36547
36585
36637
36670
36677
36703
36708
36751
36767
36770
36775
36797
36799
36802
36810
36831
36841
36844
36857
36860
36868
36877
36882
36898
36903
36906
36922
36926
36942
36944
36986
36991
36993
37005
37010
37014
37015
37023
37031
37034
37039
37041
37046
37064
37077
37080
37085
37086
37092
37132
37140
37152
37156
37157
37162
37183
37186
37194
37197
37200
37232
37233
37234
37235
37237
37238
37239
37240
37246
37267
37279
37286
37300
37328
37338
37341
37348
37355
37379
37397
37402
37413
37414
37418
37421
37423
37451
37457
37465
37473
37476
37484
37493
37494
37508
37517
37525
37535
37555
37558
37559
37562
37566
37586
37608
37624
37632
37643
37651
37705
37718
37721
37726
37737
37773
37784
37801
37813
37832
37839
37841
37842
38114
37875
37877
37880
37888
37902
37907
37922
37925
37929
37930
37946
37947
37955
37959
37967
37976
38003
38021
38036
38037
38046
38050
38053
38075
38077
38081
38117
38121
38122
38147
38148
38161
38183
38185
38189
38215
38223
38226
38234
38247
38250
38272
38277
38278
38279
38284
38287
38289
38293
38295
38302
38321
38330
38353
38367
38372
38373
38379
38381
38392
38394
38402
38405
38407
38408
38413
38422
38431
38433
38437
38439
38451
38452
38467
38469
38470
38474
38475
38491
38514
38515
38528
38535
38553
38558
38559
38569
38575
38579
38586
38596
38598
38606
38636
38647
38675
38696
38741
38754
38781
38786
38817
38818
38821
38828
38843
38854
38897
38908
38910
38915
38919
38930
38956
38966
38967
38977
38978
38991
39003
39010
39019
39036
39059
39073
39079
39097
39102
39103
39118
39129
39148
39154
39159
39166
39168
39171
39180
39181
39182
39203
39217
39233
39236
39241
39248
39254
39280
39288
39310
39313
39320
39328
39338
39340
39344
39347
39362
39367
39368
39377
39381
39394
39404
39411
39423
39448
39451
39466
39479
39486
39493
39494
39498
39501
39526
39550
39552
39559
39634
39636
39638
39642
39674
39676
39683
39700
39703
39706
39709
39711
39715
39729
39730
39737
39746
39749
39763
39764
39786
39789
39800
39803
39811
39826
39837
39916
39920
39930
39931
39955
39968
39972
39974
39975
39983
40017
40031
40038
40041
40049
40082
40086
40090
40102
40134
40148
40156
40159
40166
40168
40179
40218
40236
40248
40257
40276
40279
40284
40285
40287
40291
40297
40299
40308
40323
40333
40336
40344
40345
40350
40378
40406
40426
40428
40446
40449
40455
40457
40464
40469
40498
40530
40546
40581
40582
40590
40630
40675
40690
40706
40712
40716
40717
40733
40734
40740
40752
40757
40774
40781
40789
40833
40837
40868
40898
40915
40927
40932
40933
40937
40949
40953
40954
40956
40972
41003
41026
41034
41049
41085
41103
41131
41133
41134
41174
41175
41177
41179
41180
41181
41189
41195
41208
41226
41232
41234
41238
41250
41252
41256
41259
41261
41263
41264
41265
41267
41269
41270
41271
41296
41300
41310
41315
41318
41322
41330
41332
41334
41336
41337
41343
41344
41352
41354
41360
41380
41389
41392
41394
41395
41403
41409
41421
41431
41434
41438
41442
41444
41455
41493
41499
41500
41526
41530
41531
41536
41542
41543
41544
41590
41602
41603
41604
41608
41620
41623
41627
41629
41647
41669
41676
41678
41680
41697
41705
41724
41726
41731
41732
41744
41748
41752
41755
41761
41765
41769
41797
41803
41809
41827
41829
41831
41836
41845
41847
41848
41853
41860
41863
41864
41865
41869
41875
41899
41900
41901
41912
41913
41915
41917
41925
41932
41946
41952
41961
41966
41991
42004
42040
42064
42070
42071
42111
42121
42141
42147
42181
42183
42195
42197
42199
42208
42211
42218
42223
42226
42227
42229
42236
42310
42331
42333
42338
42363
42390
42418
42422
42449
42454
42480
42492
42502
42514
42523
42529
42539
42545
42580
42592
42602
42607
42611
42613
42621
42661
42673
42703
42709
42724
42777
42797
42806
42821
42859
42864
42872
42888
42930
42944
42957
42959
42965
42967
42974
42992
42996
42998
43014
43019
43032
43040
43042
43049
43107
43156
43163
43186
43188
43202
43248
43281
43334
43357
43376
43412
43430
43437
43470
43485
43487
43499
43501
43512
43515
43518
43519
43520
43521
43531
43542
43546
43549
43570
43577
43603
43614
43639
43660
43676
43687
43696
43699
43701
43706
43711
43728
43741
43747
43751
43757
43760
43775
43780
43817
43818
43824
43862
43867
43869
43873
43896
43900
43901
43913
43915
43944
43958
43969
43972
44002
44007
44036
44056
44086
44100
44112
44154
44155
44175
44179
44181
44189
44193
44207
44209
44215
44228
44309
44322
44334
44345
44367
44374
44375
44377
44379
44382
44400
44413
44429
44434
44437
44452
44455
44480
44481
44482
44483
44484
44485
44487
44499
44501
44503
44514
44517
44528
44549
44552
44553
44610
44617
44634
44636
44697
44706
44772
44794
44816
44825
44842
44922
44925
44934
44938
44951
44953
44957
44961
44968
44989
44997
45013
45038
45076
45081
45095
45106
45119
45125
45131
45145
45150
45190
45204
45232
45266
45272
45282
45337
45338
45357
45380
45387
45390
45391
45412
45446
45475
45481
45572
45587
45595
45617
45641
45686
45714
45715
45730
45733
45780
45781
45790
45799
45848
45868
45871
45873
45882
45883
45886
45887
45892
45893
45896
45915
45925
45986
45995
45996
45998
46001
46005
46006
46011
46032
46037
46054
46086
46100
46103
46134
46151
46157
46164
46173
46190
46193
46196
46209
46211
46238
46248
46256
46261
46266
46289
46294
46306
46315
46317
46335
46432
46403
46408
46418
46422
46433
46435
46436
46459
46466
46473
46474
46476
46504
46519
46532
46565
50450
46571
46580
46590
46592
46595
46598
46606
46609
46613
46631
46637
46642
46644
46645
46722
46724
46728
46743
46744
46756
46758
46764
46773
46776
46787
46795
46804
46821
46822
46832
46838
46856
51045
46871
46885
46895
46907
46936
46949
47013
47057
47071
47095
47106
47115
47125
47129
47131
47135
48397
47142
47143
47145
47149
47161
47165
47166
47170
47171
47181
47245
47246
47253
47255
47257
47258
47261
47263
47273
47298
47303
47312
47318
47334
47363
47389
47390
47391
47392
47393
47394
47395
47396
47397
47398
47399
47400
47402
47411
47423
47425
47430
47634
47765
47794
48002
48421
49092
49256
49565
49568
49576
49578
49587
49854
49982
50125
50253
50327
51349
51499
52127
52451
53739
55274
55881
56199
56738
56773
56787
56791
56799
56816
56817
56818
56819
56820
56834
56856
56864
56866
56869
56879
56892
56928
56959
56990
57000
57001
57008
57009
57012
57015
57018
57019
57022
57026
57053
57069
57077
57104
57106
57124
57138
57195
57198
57199
57202
57205
57208
57209
57211
57218
57223
57224
57232
57233
57245
57250
57253
57254
57259
57265
57298
57300
57301
57313
57372
57384
57400
57414
57423
57436
57453
57454
57458
57464
57465
57474
57475
57499
57514
57530
57540
57541
57547
57559
57564
57571
57584
57629
57634
57650
57651
57652
57656
57661
57662
57668
57669
57670
57674
57677
57679
57689
57694
57698
57699
57701
57706
57718
57729
57754
57770
57771
57774
58332
57787
57850
57867
57872
57879
57904
57910
57914
57925
57927
57928
57932
57944
57952
57982
58003
58071
58075
58079
58081
58103
58126
58128
58129
58133
58146
58157
58161
58173
58174
58176
58189
58191
58192
58194
58204
58210
58215
58232
58233
58234
58235
58239
58243
58246
58306
58325
58342
58345
58347
58360
58381
58384
58387
58397
58409
58433
58440
58446
58459
58472
58483
58487
58492
58493
58494
58504
58529
58553
58560
58564
58565
58566
58568
58569
58572
58574
58576
58584
58589
58599
58601
58607
58635
58636
58637
58639
58695
58697
58702
58705
58720
58727
58728
58729
58730
58731
58732
58733
58734
58735
58736
58737
58738
58749
58759
58762
58765
58778
58786
58798
58799
58800
58804
58806
58815
59203
58828
58853
58865
58873
58878
58887
58901
58904
58909
58918
58919
58920
58921
58922
58943
58950
58985
59040
59044
59084
59089
59140
59189
59195
59196
59200
59207
59218
59238
59283
59311
59312
59321
59350
59354
59357
59362
59369
59404
59407
59411
59412
59429
59430
59434
59442
59447
59455
59465
59501
59507
59519
59537
59543
59544
59545
59583
59590
59609
59634
59652
59653
59654
59656
59670
59682
59683
59685
59714
59732
59737
59766
59770
59771
59774
69240
59781
59792
59798
59816
59829
59846
59861
59907
59917
59925
59947
59961
59962
59966
59969
59973
59982
69157
59998
60000
60003
60017
60026
60034
60039
60044
60045
60046
60047
60048
60049
60052
60054
60066
60074
60095
60118
60128
60151
60154
60162
60171
60183
60186
60203
60206
60210
60215
60218
60222
60235
60252
60255
60257
60259
60268
60272
60273
60284
60295
60296
60298
60301
60303
60308
60309
60335
60336
60346
60385
60397
60407
60411
60427
60439
60447
60490
60494
60503
60522
60529
60541
60547
60549
60552
60559
60565
60569
60578
60591
60592
60596
60603
60609
60636
60640
60650
60655
60661
60674
60679
60709
60710
60713
60715
60722
60735
60738
60748
60749
60752
60759
60761
60762
60767
60771
60776
60784
60785
60786
60799
60807
60810
60811
60814
60826
60827
60832
60835
60837
60851
60868
60885
60886
60887
60906
60915
60919
60920
60925
60926
60933
60955
60959
60960
60961
60962
60966
60967
60971
60974
60981
60982
60995
60997
61002
61004
61016
61019
61031
61048
61049
61068
61081
61098
61110
61111
61114
61128
61129
61138
61145
61151
61153
61168
61187
61192
61193
61200
61211
61225
61288
61293
61297
61507
61300
61308
61311
61312
61313
61314
61320
61324
61326
61329
61335
61344
61354
61359
61361
61364
61370
61372
61375
61391
61392
61395
61403
61402
61430
61472
61479
61498
61519
61520
61521
61525
61526
61538
61539
61543
61572
61599
61605
61610
61613
61651
61669
61679
61680
61693
61720
61738
61743
61747
61766
61784
61785
61796
61808
61830
61840
61853
61856
61895
61901
61941
61971
61986
61991
61997
62011
62016
62021
62027
62055
62066
62080
62081
62090
62106
62109
62110
62112
62123
62125
62132
62138
62141
62159
62167
62175
62188
62190
62192
62193
62202
62205
62207
62215
62221
62228
62234
62239
62240
62241
62242
62243
62251
62252
62259
62266
62270
62289
62340
62345
62348
62369
62371
62372
62376
62377
62378
62380
62381
62383
62384
62385
62387
62389
62391
62393
62394
62395
62396
62398
62399
62400
62401
62403
62405
62407
62413
62414
62415
62416
62417
62420
62422
62426
62430
62441
62449
62453
62466
62477
62480
62490
62491
62508
62510
62519
62533
62534
62538
62546
62561
62567
62586
62596
62597
62599
62606
62608
62613
62614
62617
62622
62640
62668
62670
62682
62684
62685
62692
62693
62694
62704
62707
62712
62713
62716
62717
62724
62744
62747
62749
62937
62753
62759
62791
62795
62799
62802
62807
62818
62826
62836
62837
62843
62871
62877
62886
62887
62954
62955
62965
62970
62977
63014
63003
63005
63007
63012
63015
63018
63054
63059
63062
63065
63068
63119
63129
63130
63145
63154
63161
63173
63186
63190
63192
63195
63196
63198
63200
63203
63214
63218
63219
63228
63238
63246
65891
63250
63282
63309
63333
63338
63373
63395
63398
63418
63427
63439
63451
63480
63502
63512
63513
63531
63541
63542
63543
63580
63581
63582
63596
63600
63608
63628
63675
63689
63705
63712
63713
63722
63724
63725
63904
63734
63749
63764
63771
63774
63782
63783
63790
63792
63801
63802
63816
63826
63850
63868
63915
63920
63928
63935
63938
63946
63954
63959
63963
63990
63992
63995
64157
64001
64003
64008
64147
64015
64020
64024
64032
64033
64039
64074
64075
64076
64077
64079
64080
64083
64124
64173
64185
64188
64191
64203
64204
64214
64215
64217
64222
64226
64229
64230
64231
64267
64268
64272
64290
64296
64298
64347
64354
64361
64388
64390
64402
64403
64471
64407
64415
64420
64423
64428
64430
64438
64439
64456
64457
64477
64478
64480
64484
64485
64493
64498
64501
64505
64508
64582
64611
64614
64621
64622
64634
64637
65102
64648
64651
64654
64665
64666
64677
64679
64680
64683
64686
64690
64694
64700
64706
64707
64708
64712
64719
64727
64743
64755
64758
64784
64840
64929
64938
64939
64941
64942
64944
64963
64964
64971
64979
64984
64992
64995
64997
65003
65010
65023
65040
65058
65079
65091
65113
65116
65118
65122
65133
65145
65156
65161
65169
65170
65171
65173
65176
65182
65186
65196
65334
65207
65213
65217
65219
65227
65247
65229
65245
65248
65252
65267
65301
65343
65347
65348
65349
65359
65375
65390
65394
65396
65401
65406
65411
65416
65419
65421
65427
65441
65442
65446
65447
65463
65469
65475
65480
65484
65492
65524
65540
65571
65575
65584
65592
65605
65612
65618
65620
65623
65628
65646
65648
65651
65657
65659
65662
65667
65676
65682
65684
65690
65696
65719
65720
65727
65728
65736
65737
65740
65745
65771
65775
65813
65821
65827
65845
65849
66186
65859
65862
65877
65878
65879
65893
65900
65933
65942
65943
65945
65952
65956
65963
65967
65969
65970
65979
65997
66004
66012
66036
66044
66062
66074
66075
66081
66082
66085
66114
66127
66132
66143
66157
66164
66166
66176
66190
66197
66208
66253
66262
66276
66339
66346
66364
66418
66441
66445
66483
66498
66529
66538
66550
66552
66553
66560
66562
66563
66566
66574
66575
66579
66582
66591
66596
66600
66603
66604
66607
66613
66614
66622
66626
66627
66631
66656
66661
66663
66671
66680
66690
66691
66698
66721
66722
66735
66736
66782
66786
66791
66797
66835
66837
66852
66854
66855
66873
66874
66888
66901
66905
66909
66910
66911
66913
66932
66944
66949
66956
66965
66972
67044
67045
67062
67072
67094
67099
67100
67107
67129
67133
67144
67147
67157
67161
67162
67164
67171
67180
67190
67211
67228
67232
67235
67256
67274
67275
67278
67281
67283
67304
67313
67315
67540
67325
67332
67335
67338
67349
67350
67372
67388
67389
67392
67393
67394
67395
67404
67411
67422
67435
67456
67461
67466
67471
67473
67541
67495
67498
67533
67543
67569
67570
67571
67576
67577
67582
67583
67584
67585
67593
67597
67602
67612
67616
67617
67630
67635
67640
67641
67644
67646
67663
67675
67677
67681
67690
67738
67764
67775
67848
67860
67883
67899
67900
67904
67905
67906
67924
67939
67941
67942
67945
67946
67947
67961
67966
67978
68007
68018
68059
68062
68068
68076
68082
68086
68088
68089
68094
68098
68107
68120
68129
68132
68138
68142
68145
68155
68157
68158
68160
68168
68169
68173
68393
68191
68197
68220
68223
68225
68233
68234
68240
68244
68248
68254
68255
68260
68261
68267
68272
68274
68278
68284
68291
68305
68321
68354
68371
68373
68376
68397
68398
68400
68403
68418
68440
68442
68448
68451
68457
68463
68871
68470
68472
68474
68475
68484
68488
68491
68503
68509
68512
68513
68520
68524
68525
68529
68538
68539
68547
68549
68552
68553
68564
68569
68575
68591
68643
68651
68665
68674
68681
68877
68692
68710
68716
68733
68736
68749
68751
68758
68763
68765
68787
68814
68829
68840
68857
68865
68891
68898
68906
68907
68910
68918
68926
68927
68928
68929
68930
68937
68963
68964
68970
68977
69003
69005
69010
69012
69013
69026
69057
69060
69062
69456
69070
69458
69072
69450
69094
69098
69103
69105
69111
69123
69129
69147
69151
69155
69158
69162
69168
69211
69214
69228
69241
69260
69265
69284
69289
69321
69360
69373
69380
69390
69393
69404
69430
69467
69473
69485
69490
69494
69503
69508
69509
69524
69530
69531
69535
69545
69546
69548
69549
69556
69569
69578
69590
69603
69625
69629
69631
69637
69639
69641
69654
69661
69692
69699
69702
69718
69723
69728
69734
69738
69741
69745
69750
69773
69995
69779
69781
69784
69989
69805
69812
69813
69814
69815
69816
69825
69827
69829
69838
70058
69854
69862
69865
69879
69883
69892
69903
69917
69920
69926
69933
69942
69961
69963
69965
69986
70002
70006
70007
70008
70238
70018
70022
70025
70031
70036
70038
70039
70043
70050
70059
70060
70063
70069
70072
70080
70093
70097
70103
70112
70121
70126
70127
70158
70160
70199
70212
70224
70230
70233
70247
70250
70251
70253
70270
70274
70289
70296
70302
70306
70310
70313
70326
70334
70346
70357
70369
70373
70381
70386
70392
70396
70402
70436
70442
70461
70477
70480
70482
70484
70488
70489
70494
70496
70497
70498
70504
70507
70524
70525
70526
71009
70530
70535
70539
70542
70547
70549
70555
70559
70561
70575
70576
70587
70593
70594
70623
70635
70698
70699
70730
70743
70751
70789
70803
70856
70879
70913
70923
70924
70925
70937
70939
70962
70969
71003
71038
71049
71050
71052
71054
71055
71063
71087
71093
71097
71104
71120
71126
71127
71130
71137
71150
71154
71155
71160
71171
71172
71176
71183
71185
71192
71195
71200
71387
71209
71216
71217
71238
71245
71254
71256
71259
71268
71269
71282
71296
71338
71353
71354
71357
71853
71848
71370
71391
71392
71395
71399
71403
71405
71407
71431
71418
71420
71427
71437
71439
71449
71448
71455
71457
71461
71464
71471
71476
71477
71482
71483
71484
71486
71493
71517
71532
71536
71547
71548
71554
71575
71582
71584
71590
71606
71608
71612
71613
71614
71621
71622
71624
71626
71630
71640
71641
71650
71655
71669
71670
71679
71680
71681
71702
71845
71713
71720
71734
71735
71742
71749
71759
71762
71782
71819
71862
71865
71869
71872
71877
71882
71885
71886
71893
71899
71902
71906
71909
71918
71924
71937
71944
71945
71946
71950
71955
71960
71962
72099
71970
71986
71992
72010
72034
72071
72072
72105
72109
72110
72113
72116
72119
72122
72130
72136
72137
72151
72157
72160
72162
72170
72180
72185
72186
72195
72197
72198
72203
72212
72214
72216
72220
72227
72292
72295
72303
72324
72326
72352
72355
72385
72391
72408
72449
72461
72463
72505
72514
72517
72519
72521
72525
72543
72558
72562
72595
72613
72616
72676
72678
72682
72683
72687
72707
72708
72716
72721
72748
72749
72750
72754
72756
72761
72763
72766
72772
72783
72786
72795
72797
72799
72802
72806
72809
72812
72818
72840
72863
72872
72882
72912
72942
72950
72956
72965
72973
72983
73007
73020
73062
73064
73065
73068
73069
73087
73103
73114
73119
73124
73126
73132
73133
73163
73324
73320
73158
73165
73184
73188
73189
73190
73193
73194
73199
73200
73203
73224
73237
73240
73292
73296
73307
73331
73361
73379
73382
73388
73402
73415
73419
73514
75952
73529
73530
73550
73573
73685
73744
73781
73798
73818
73823
73827
73861
73873
73890
73912
73939
73949
73955
73969
74004
74029
74039
74050
74057
74062
74066
74085
74097
74104
74108
74118
74153
74176
74197
74204
74210
74211
74216
74222
74234
74235
74236
74240
74242
74245
74247
74261
74271
74280
74287
74296
74299
74308
74311
74315
74322
74331
74332
74342
74343
74353
74359
74368
74390
74410
74413
74450
74481
74503
74509
74524
74531
74539
74550
74558
74561
74572
74588
74598
74610
74614
74617
74645
74677
74710
74711
74714
74775
74798
74821
74860
74862
74865
74872
74878
74904
74949
74971
74975
74990
74993
75007
75054
75057
75075
75079
75084
75088
75091
75093
75104
75125
75131
75132
75134
75146
75156
75181
75207
75230
75236
75261
75263
75288
75290
75292
75303
75305
75314
75320
75331
75340
75356
75361
75369
75370
75376
75379
75381
75384
75393
75394
75396
75397
75398
75400
75402
75415
75438
75476
75479
75485
75503
75515
75520
75533
75576
75596
75628
75647
75688
75692
75694
75707
75727
75746
75767
75780
75796
75798
75820
75822
75833
75835
75845
75927
75929
75950
75965
75967
75974
75977
75979
75987
75994
76005
76007
76022
76024
76028
76030
76047
76048
76049
76050
76053
76058
76060
76062
76063
76068
76090
76094
76097
76100
76102
76109
76112
76115
76120
76123
76124
76128
76133
76136
76143
76152
76170
76173
76178
76195
76197
76245
76248
76254
76268
76273
76290
76311
76320
76329
76332
76333
76334
76336
76343
76347
76352
76366
76385
76399
76410
76415
76429
76434
76438
76443
76467
76471
76473
76489
76494
76495
76498
76499
76516
76546
76554
76578
76587
76606
76622
76631
76639
76654
76662
76665
76666
76673
76675
76679
76706
76707
76713
76716
76717
76720
76721
76727
76728
76731
76736
76739
76741
76775
76779
76781
76797
76804
76811
76822
76824
76825
76827
76833
76836
76839
76841
76847
76848
76867
76870
76873
76886
76890
76896
76904
76905
76932
76951
76955
76959
76960
76962
76965
76972
85035
76995
77004
77008
77009
77010
77012
77021
77024
77025
77026
77035
77062
77065
77069
77077
77081
77085
78249
77101
77102
77108
77123
77139
77161
77163
77165
77188
77221
77224
77228
77232
77238
77241
77244
77251
77252
77257
77273
77275
77276
77277
77278
77279
77280
77281
77282
77284
77285
77286
77289
77292
77304
77328
77334
77336
86324
77347
77368
77373
77377
77388
77392
77398
77411
77422
77439
77448
77470
77477
77556
77570
77589
77615
77628
77662
77698
77735
77737
77761
77774
77779
77780
77786
77796
77821
77823
77825
77882
77895
77898
77899
77920
77932
77954
77960
77992
78000
78003
78018
78019
78027
78038
78077
78079
78084
78086
78094
78101
78103
78108
78146
78160
78167
78168
78171
78181
78188
78191
78193
78206
78207
78212
78217
78234
78243
78250
78251
78258
78282
78284
78290
78291
78302
78304
78311
78316
78327
78410
78433
78444
78451
78461
78862
78482
78488
78491
78514
78515
78524
78530
78545
78546
78548
78557
78558
78559
78562
78587
78602
78618
80731
78639
78642
78644
78651
78654
78667
78670
78674
78686
78690
78695
78699
78726
78735
78736
78742
78748
78751
78754
78757
78759
78760
78779
78787
78793
78795
78797
78802
78818
78823
78829
78835
78851
78866
78875
78880
78881
78882
78883
78884
78885
78886
78895
78896
78901
78903
78907
78909
78915
78916
78928
78930
78941
78944
78945
78947
78953
78957
78961
78968
78969
78970
78974
78975
78976
78988
78991
78998
78999
79004
79005
79006
79019
79064
79081
79082
79085
79093
79103
79118
79120
79124
79136
79140
79142
79153
79161
79163
79170
79175
79208
79220
79223
79231
79239
79240
79244
79249
79252
79258
79262
79268
79276
79279
79294
79296
79297
79302
79304
79310
79313
79320
79333
79334
79341
79347
79359
79408
79412
79420
79423
79425
79442
79444
79446
79457
79468
79470
79471
79474
79479
79485
79491
79492
79493
79500
79501
79504
79505
79508
79509
79519
79527
79532
79534
79536
79542
79547
79549
79550
79551
79553
79558
79560
79563
79570
79573
79574
79576
79577
79580
79595
79605
79625
79627
79692
79732
79739
79741
79745
79752
79775
79781
79793
79795
79800
79808
79854
79870
79881
79883
79890
79892
79894
79895
79918
79927
79928
79989
79997
80001
80030
80056
80069
80078
80082
80087
80089
80099
80105
80106
80110
80111
80115
80116
80118
80120
80136
80137
80140
80143
80161
80155
80157
80158
80165
80182
80183
80185
80199
80202
80206
80209
80210
80211
80241
80242
80243
80246
80249
80257
80258
80262
80268
80271
80294
80318
80320
80343
80355
80373
80376
80388
80389
80394
80396
80420
80421
80426
80429
80432
80433
80434
91172
80470
80471
80480
80481
80483
80491
80493
80494
80495
80497
80508
80515
80517
80523
80532
80535
80543
80568
80574
80581
80589
80590
80591
80592
80602
80604
80611
80617
80628
80714
80720
80724
80728
80729
80733
80744
80752
80767
80768
80769
80774
80773
80775
80789
80790
80799
80801
80803
80806
80807
80820
80826
80835
80839
80991
80845
80850
80855
80861
80863
80870
80874
80889
80911
80918
80923
80925
80942
80981
80985
81012
81020
81021
81024
81028
81029
81035
81045
81047
81071
81073
81278
81077
81086
81088
81090
81092
81096
81106
81109
81120
81121
81134
81137
81152
81155
81157
81160
81162
81166
81171
81173
81186
81197
81223
81245
81254
81275
81277
81284
81300
81302
81313
81327
81334
81339
81340
81348
81364
81365
81369
81371
81378
81393
81401
81415
81421
81428
81429
81430
81437
81451
81453
81457
81463
81465
81466
81469
81470
81476
81484
81498
81503
81518
81538
81561
81563
81568
81581
81617
81630
81642
81650
81652
81665
81671
81678
81702
81724
81765
81774
81777
81779
81812
81817
81839
81861
81865
81869
81892
81901
81914
81919
81923
81926
81935
81939
81947
81969
81971
81972
81974
81975
82327
81989
81993
81998
82006
82012
82028
82029
82037
82046
82047
82055
82061
82071
82076
82077
82082
82086
82102
82104
82109
82124
82131
82144
82150
82153
82159
82161
82162
82163
82164
82165
82166
82167
82168
82169
82173
82174
82175
82206
82208
82212
82213
82226
82231
82284
82329
82330
82336
82338
82339
82347
82360
82365
82376
82380
82381
82382
82393
82645
82639
82400
82404
82415
82419
82437
82442
82446
82451
82458
82459
82465
82483
82488
82495
82498
82506
82519
82522
82528
82531
82533
82535
82537
82538
82539
82540
82541
82616
82634
82651
82656
82657
82666
82675
82687
82691
82701
82711
82714
82715
82726
82729
82732
82738
82752
82770
82774
82779
82784
82785
82788
82791
82801
82819
82825
82829
82841
82860
82867
82878
82931
82969
83160
82980
82982
82988
82989
82996
83007
83010
83014
83015
83017
83026
83029
83032
83033
83037
83047
83049
83063
83069
83071
83083
83085
83089
83092
83096
83101
83102
83126
83133
83138
83147
83171
83184
83186
83190
83191
83197
83212
83215
83229
83269
83248
83251
83256
83257
83259
83265
83266
83267
83275
83283
83287
83291
83292
83294
83297
83298
83301
83302
83308
83330
83337
83375
83383
83398
83432
83437
83442
83460
83483
83525
83570
83597
83604
83617
83623
83627
83629
83655
83667
83684
83686
83722
83749
83762
83778
83808
83813
83821
83834
83835
83836
83846
83850
84147
83859
83884
83896
83899
83911
83912
83913
83918
83922
83926
84144
83939
83945
83947
83948
83960
83981
83984
83987
83988
83997
84007
84014
84015
84019
84021
84028
84037
84040
84043
84058
84060
84065
84067
84115
84132
84155
84167
84180
84181
84185
84187
84189
84193
84195
84201
84207
84208
84211
84212
84213
84222
84232
84233
84237
84235
84236
84239
84464
84249
84250
84252
84253
84264
84267
84268
84276
84280
84286
84295
84299
84301
84309
84312
84320
84333
84406
84421
84424
84435
84436
84743
84478
84493
84503
84505
84506
84509
84515
84527
84530
84537
84538
84546
84555
84556
84558
84564
84571
84575
84580
84586
84591
84593
84606
84619
84624
84641
84642
84643
84652
84654
84655
84682
84691
84724
84735
84752
84757
84758
84760
84766
84773
84776
84788
84790
84803
84989
84812
84826
84828
84834
84838
84846
84851
84852
84858
84859
84873
84878
84879
84896
84937
84968
84972
84973
84976
84994
85011
85025
85028
85030
85037
85038
85045
85048
85052
85058
85062
85065
85068
85070
85074
85077
85509
85092
85095
85099
85105
85111
85112
85121
85130
85146
85164
85166
85167
85180
85196
85202
85243
85257
85276
85296
85319
85330
85350
85369
85380
85401
85410
85412
85417
85438
85445
85455
85459
85461
85484
85519
85530
85535
85537
85538
85555
85556
85558
85584
85585
85586
85596
85639
85649
85674
85684
85693
85696
85708
85735
85740
85745
85769
85775
85777
85778
85779
85788
85796
85797
85799
85800
85805
85808
85823
85835
85842
85864
85874
85887
85914
85919
85923
85931
85933
85934
85938
85939
85943
85944
85945
85953
85971
85977
85988
85995
85999
86015
86028
86033
86052
86069
86083
86099
86108
86115
86139
86144
86175
86178
86186
86208
86214
86220
86224
86258
86266
86285
86287
86292
86301
86306
86311
86322
86323
86330
86342
86359
86363
86368
86371
86377
86401
86448
86450
86454
86481
86491
86505
86512
86516
86523
86524
86535
86536
86565
86567
86575
86584
86602
86608
86616
86631
86634
86654
86677
86678
86682
86706
86711
86807
86855
86860
86870
86876
86920
86928
86943
86944
86950
86983
86984
87030
87040
87069
87091
87101
87186
87213
87232
87246
87250
87257
87258
87263
87285
87289
87294
87300
87309
87328
87335
87397
87414
87422
87434
87458
87460
87465
87467
87469
87471
87486
87514
87535
87540
87556
87558
87560
87561
87563
87564
87569
87581
87595
87617
87620
87627
87628
87631
87634
87647
87659
87679
87684
87705
87707
87709
87718
87727
87728
87732
87741
87755
87759
87763
87781
87792
87802
87814
87838
87849
87874
87888
87889
87891
87900
87908
87913
87925
87938
87944
87946
87951
87956
87970
87971
88005
88016
88028
88029
88033
88041
88043
88044
88049
88055
88059
88072
88076
88078
88091
88096
88098
88108
88109
88114
88116
88120
88121
88124
88141
88143
88163
88184
88185
88188
88226
88233
88239
88246
88248
88254
88259
88260
88261
88266
88496
88301
88309
88316
88321
88322
88331
88337
88340
88341
88346
88349
88350
88356
88357
88360
88366
88369
88375
88371
88376
88379
88382
88390
88412
88427
88428
88452
88454
88471
88478
88492
88521
88540
88541
88550
88559
88786
88561
88563
88565
88567
88570
88574
88577
88581
88586
88588
88602
88603
88606
88617
88622
88624
88628
88637
88642
88651
88658
88665
88700
88705
88709
88716
88762
88793
88799
88804
88806
88812
88817
88825
88826
88830
88831
88832
88842
88844
88851
88861
88864
88866
88867
88873
88889
88893
88894
88897
88902
88908
88913
88987
89020
89025
89045
89047
89048
89075
89095
89115
89141
89176
89177
89210
89212
89221
89226
89247
89294
89300
89308
89309
89312
89313
89317
89323
89338
89343
89344
89349
89354
89360
89369
89372
89376
89381
89383
89385
89389
89394
89395
89398
89399
89404
89405
89414
89417
89418
89421
89437
89446
89453
89456
89462
89463
89467
89475
89478
89487
89491
89494
89500
89504
89514
89524
89545
89546
89614
89616
89626
89632
89633
89634
89644
89658
89660
89665
89667
89684
89689
89691
89693
89700
89707
89709
89714
89715
89726
89731
89733
89734
89749
89774
89777
89783
89788
89808
89827
89837
89872
89905
89909
89926
89930
89932
89942
89943
89946
89957
89959
89964
89966
89969
89978
89996
89999
90005
90008
90019
90021
90022
90247
90042
90047
90066
90073
90086
90097
90100
90103
90106
90107
90108
90109
90110
90120
90122
90124
90126
90127
90129
90130
90133
90135
90137
90138
90139
90140
90154
90167
90175
90186
90211
90223
90225
90227
90230
90232
90233
90252
90253
90255
90257
90259
90270
90274
90277
90282
90283
90287
90305
90310
90312
90314
90316
90320
90332
90336
90345
90352
90353
90363
90375
90381
90391
90411
90422
90428
90441
90451
90453
90454
90456
90459
90463
90470
90480
90482
90494
90497
90498
90500
90501
90505
90510
90513
90537
90543
90544
90560
90563
90569
91075
90579
90588
90590
90603
90604
90605
90606
90607
90608
90609
90610
90614
90619
90672
90748
90763
90808
90810
90834
90835
90887
90892
90899
90910
90913
90914
90965
91020
91042
91052
91060
91081
91083
91087
91088
91090
91096
91117
91124
91135
91136
91160
91478
91189
91190
91211
91222
91227
91234
91235
91237
91238
91240
91241
91243
91248
91250
91251
91253
91273
91285
91292
91308
91315
91318
91319
91335
91339
91348
91412
91414
91419
91425
91426
91431
91450
91452
91454
91455
91461
91467
91585
91473
91475
91476
91582
91495
91502
91503
91511
91520
91536
91542
91543
91548
91554
91567
91572
91591
91600
91626
91628
91634
91637
91651
91680
91687
91741
91750
91785
91792
91796
91815
91817
91818
91822
91827
91838
91852
91859
91860
91861
91876
91880
91883
91900
91911
91929
91937
91941
91949
91982
91985
91986
91989
91992
91999
92007
92021
92051
92054
92073
92088
92089
92139
92142
92160
92172
92179
92190
92205
92208
92209
92210
92220
92284
92243
92248
92255
92259
92262
92457
92276
92281
92283
92458
92308
92312
92319
92320
92334
92337
92341
92345
92348
92358
92361
92370
92373
92380
92386
92398
92399
92401
92402
92406
92411
92418
92471
92488
92508
92524
92533
92535
92545
92546
92547
92551
92555
92556
92560
92564
92568
92570
92571
92580
92582
92583
92584
92586
92587
92588
92594
92608
92613
92614
92615
92872
93065
93066
93108
93156
93157
93243
93298
93500
93517
93619
93837
93873
93875
93876
93925
93931
94131
94021
94155
94164
94183
94188
94294
94316
94317
94477
94515
94516
94551
94599
94717
94808
94832
94928
94954
95022
95057
95106
95107
95200
95233
95234
95281
95296
95307
95308
95309
95323
95332
95453
95456
95458
95460
95463
95464
95465
95484
95488
95769
95803
95860
95927
95949
95983
95992
96035
96051
96060
96062
96106
96108
96133
96199
96282
96369
96370
96371
96373
96516
96630
96732
96752
96753
96911
97035
97123
97155
97356
97397
97426
97491
97498
97501
97524
97663
97664
97666
97667
97775
97794
97893
97894
97895
97896
97897
97924
98008
98046
98052
98084
98092
98122
98581
98592
98593
98642
98754
98798
98826
98930
98939
98943
99107
99244
99287
99309
99446
99595
99644
99656
99657
111456
99938
99943
100095
100256
100264
100275
100298
100336
100337
100570
100577
100695
100698
100706
100775
100939
100988
101113
101318
101320
101321
101322
101524
101531
101536
101553
101571
101572
101794
101862
101924
101944
101946
102116
102163
102299
102336
102359
102368
102499
102547
102608
102654
102713
102715
102723
102899
103033
103045
103046
103088
103240
103241
103242
103243
103244
103245
103246
103247
103248
103249
103250
103251
103255
103344
103410
103448
103564
103591
103598
103611
103621
103723
103728
103734
103774
104008
104016
104042
104059
104107
104109
104199
104205
104227
104263
104416
104475
104493
104617
104773
104839
104848
104854
104886
104888
105008
105009
105167
105242
105369
105376
105390
105591
105614
105750
105763
105775
105902
105925
106013
106034
106094
106098
106174
106181
106196
106425
106426
106438
106460
106473
106475
106476
106716
106635
106674
106853
106931
107101
107148
107275
107349
107366
107377
107435
107450
107551
107543
107573
107668
107712
107795
108357
107912
107944
108033
108218
108219
108224
108232
108278
108306
108311
108539
108443
108477
108495
108513
108521
108526
108546
108591
108638
108667
108850
108851
108879
108880
108884
108885
108909
109013
109032
109044
109278
109687
109695
109775
109779
109959
110981
111164
111167
111275
111293
111433
111565
111573
111782
111783
111902
111967
111968
112085
112089
112125
112176
112205
112271
112345
112360
112415
112419
112476
112541
112496
112543
112546
112733
112881
112940
113104
113063
113064
113065
113106
113229
113328
113329
113360
113386
113387
113388
113389
113424
113461
113641
